Date,Open,Close
2003-09-15,20.245155334472656,20.150760650634766
2003-09-16,20.021589279174805,20.0364933013916
2003-09-17,20.319677352905273,19.748342514038086
2003-09-18,19.748342514038086,19.584394454956055
2003-09-19,19.584394454956055,19.519807815551758
2003-09-22,19.519807815551758,19.470125198364258
2003-09-23,19.594329833984375,19.13726043701172
2003-09-24,19.177005767822266,18.705032348632812
2003-09-25,18.754714965820312,18.555988311767578
2003-09-26,18.555988311767578,18.302614212036133
2003-09-29,18.630510330200195,18.774587631225586
2003-09-30,18.774587631225586,18.6652889251709
2003-10-01,18.754714965820312,18.948471069335938
2003-10-02,18.854076385498047,19.15216636657715
2003-10-03,19.177005767822266,19.882482528686523
2003-10-06,19.882482528686523,19.92222785949707
2003-10-07,19.798023223876953,20.071271896362305
2003-10-08,19.89738655090332,19.996749877929688
2003-10-09,20.041461944580078,19.947067260742188
2003-10-10,19.947067260742188,20.066303253173828
2003-10-13,20.190505981445312,20.424009323120117
2003-10-14,20.493562698364258,20.17063331604004
2003-10-15,20.319677352905273,20.17063331604004
2003-10-16,19.92222785949707,19.69866180419922
2003-10-17,19.609233856201172,19.5744571685791
2003-10-20,19.6241397857666,19.713565826416016
2003-10-21,19.64897918701172,19.3260498046875
2003-10-22,19.3260498046875,19.057771682739258
2003-10-23,18.98324966430664,19.28133773803711
2003-10-24,18.953439712524414,19.05280303955078
2003-10-27,19.177005767822266,19.29127311706543
2003-10-28,19.45522117614746,19.748342514038086
2003-10-29,19.6241397857666,19.61420249938965
2003-10-30,19.61420249938965,19.45522117614746
2003-10-31,19.475095748901367,19.68375587463379
2003-11-03,19.773183822631836,19.663883209228516
2003-11-04,19.544647216796875,19.73343849182129
2003-11-05,19.634075164794922,19.485031127929688
2003-11-06,19.400571823120117,19.604265213012695
2003-11-07,19.723501205444336,20.215347290039062
2003-11-10,20.339550018310547,20.344518661499023
2003-11-11,20.344518661499023,20.26502799987793
2003-11-12,21.80514907836914,21.954195022583008
2003-11-13,21.859800338745117,22.232410430908203
2003-11-14,22.133047103881836,21.959163665771484
2003-11-17,21.611392974853516,21.124515533447266
2003-11-18,21.362985610961914,21.040056228637695
2003-11-19,20.97547149658203,20.712160110473633
2003-11-20,20.642606735229492,20.36935806274414
2003-11-21,20.5482120513916,20.41904067993164
2003-11-24,20.568084716796875,20.771778106689453
2003-11-25,20.771778106689453,20.677383422851562
2003-11-26,20.741968154907227,20.518402099609375
2003-11-28,20.518402099609375,20.568084716796875
2003-12-01,20.592924118041992,20.826427459716797
2003-12-02,20.841331481933594,21.054962158203125
2003-12-03,21.114580154418945,20.84630012512207
2003-12-04,20.816490173339844,20.8115234375
2003-12-05,20.687320709228516,20.558147430419922
2003-12-08,20.468721389770508,20.72706413269043
2003-12-09,20.72706413269043,20.568084716796875
2003-12-10,20.617765426635742,20.677383422851562
2003-12-11,20.51343536376953,20.910886764526367
2003-12-12,20.791650772094727,21.094707489013672
2003-12-15,21.23878288269043,20.791650772094727
2003-12-16,20.543243408203125,20.925790786743164
2003-12-17,20.741968154907227,20.578020095825195
2003-12-18,20.568084716796875,20.637638092041016
2003-12-19,20.52337074279785,20.22031593322754
2003-12-22,20.17063331604004,20.791650772094727
2003-12-23,21.064897537231445,21.81011962890625
2003-12-24,21.81011962890625,21.969099044799805
2003-12-26,21.9840030670166,21.904512405395508
2003-12-29,21.954195022583008,22.013811111450195
2003-12-30,21.849863052368164,22.16285514831543
2003-12-31,22.013811111450195,21.97406768798828
2004-01-02,21.969099044799805,21.9840030670166
2004-01-05,22.00884437561035,22.813682556152344
2004-01-06,22.421199798583984,22.52056121826172
2004-01-07,22.292028427124023,22.356613159179688
2004-01-08,22.33177375793457,22.361581802368164
2004-01-09,22.182729721069336,22.0336856842041
2004-01-12,21.959163665771484,22.12807846069336
2004-01-13,22.08336639404297,21.884641647338867
2004-01-14,21.884641647338867,22.157888412475586
2004-01-15,22.33177375793457,22.287059783935547
2004-01-16,22.34170913696289,22.346677780151367
2004-01-20,22.356613159179688,22.05852508544922
2004-01-21,22.0336856842041,22.30693244934082
2004-01-22,22.30693244934082,22.659669876098633
2004-01-23,22.729223251342773,23.121707916259766
2004-01-26,23.121707916259766,23.191261291503906
2004-01-27,23.116737365722656,22.694446563720703
2004-01-28,22.694446563720703,22.480817794799805
2004-01-29,22.455976486206055,22.480817794799805
2004-01-30,22.356613159179688,22.182729721069336
2004-02-02,22.17776107788086,22.10820770263672
2004-02-03,22.10820770263672,22.172792434692383
2004-02-04,21.909481048583984,22.02374839782715
2004-02-05,21.9840030670166,22.267187118530273
2004-02-06,22.321836471557617,22.68947982788086
2004-02-09,22.68947982788086,22.918012619018555
2004-02-10,22.80374526977539,22.937885284423828
2004-02-11,22.927949905395508,23.16145133972168
2004-02-12,22.10820770263672,21.29840087890625
2004-02-13,21.303369522094727,21.318273544311523
2004-02-17,21.442476272583008,21.40273094177246
2004-02-18,21.362985610961914,21.08477020263672
2004-02-19,21.26362419128418,21.040056228637695
2004-02-20,21.26362419128418,20.617765426635742
2004-02-23,20.71712875366211,20.463754653930664
2004-02-24,20.568084716796875,20.22031593322754
2004-02-25,20.245155334472656,20.364391326904297
2004-02-26,20.294837951660156,20.269996643066406
2004-02-27,19.94209861755371,20.761842727661133
2004-03-01,20.766809463500977,20.737001419067383
2004-03-02,20.741968154907227,20.66744613647461
2004-03-03,20.69228744506836,20.94069480895996
2004-03-04,20.851268768310547,21.03508949279785
2004-03-05,20.965534210205078,21.233814239501953
2004-03-08,21.24871826171875,20.970504760742188
2004-03-09,20.841331481933594,20.91585350036621
2004-03-10,20.876108169555664,20.543243408203125
2004-03-11,20.483625411987305,20.533308029174805
2004-03-12,20.518402099609375,20.935726165771484
2004-03-15,20.71712875366211,20.518402099609375
2004-03-16,20.578020095825195,20.627702713012695
2004-03-17,20.66744613647461,20.602861404418945
2004-03-18,20.48859405517578,20.756874084472656
2004-03-19,20.741968154907227,20.518402099609375
2004-03-22,20.468721389770508,20.041461944580078
2004-03-23,20.120952606201172,20.200441360473633
2004-03-24,20.180570602416992,19.912290573120117
2004-03-25,19.95700454711914,20.26502799987793
2004-03-26,20.140825271606445,19.986812591552734
2004-03-29,20.0364933013916,20.155729293823242
2004-03-30,19.67382049560547,20.145793914794922
2004-03-31,20.175601959228516,20.0364933013916
2004-04-01,20.120952606201172,20.443880081176758
2004-04-02,20.791650772094727,20.945663452148438
2004-04-05,20.980440139770508,21.099674224853516
2004-04-06,21.0748348236084,21.288463592529297
2004-04-07,21.288463592529297,21.174196243286133
2004-04-08,21.338146209716797,21.24871826171875
2004-04-12,21.24871826171875,21.407699584960938
2004-04-13,21.4722843170166,21.516998291015625
2004-04-14,21.48719024658203,21.705787658691406
2004-04-15,21.641202926635742,21.382858276367188
2004-04-16,21.382858276367188,21.338146209716797
2004-04-19,21.313304901123047,21.422603607177734
2004-04-20,21.353050231933594,21.362985610961914
2004-04-21,21.303369522094727,21.089738845825195
2004-04-22,21.114580154418945,21.23878288269043
2004-04-23,21.164260864257812,21.184133529663086
2004-04-26,21.23878288269043,20.741968154907227
2004-04-27,20.737001419067383,20.458786010742188
2004-04-28,20.458786010742188,20.384262084960938
2004-04-29,20.30974006652832,20.27993392944336
2004-04-30,20.284900665283203,20.32464599609375
2004-05-03,20.304773330688477,19.937131881713867
2004-05-04,19.986812591552734,19.927194595336914
2004-05-05,19.90732192993164,19.937131881713867
2004-05-06,19.822864532470703,19.798023223876953
2004-05-07,19.783119201660156,19.693693161010742
2004-05-10,19.64897918701172,19.475095748901367
2004-05-11,19.748342514038086,19.634075164794922
2004-05-12,19.748342514038086,19.39560317993164
2004-05-13,19.301210403442383,19.6390438079834
2004-05-14,19.465158462524414,19.5744571685791
2004-05-17,19.301210403442383,19.390636444091797
2004-05-18,21.10961151123047,20.95063018798828
2004-05-19,21.159292221069336,20.806554794311523
2004-05-20,20.85623550415039,20.995344161987305
2004-05-21,21.00031280517578,20.8115234375
2004-05-24,20.925790786743164,21.030120849609375
2004-05-25,21.04999351501465,21.208974838256836
2004-05-26,21.139419555664062,21.29840087890625
2004-05-27,21.29840087890625,21.35801887512207
2004-05-28,21.362985610961914,21.65610694885254
2004-06-01,21.661075592041016,21.45241355895996
2004-06-02,21.447444915771484,21.189102172851562
2004-06-03,21.114580154418945,20.816490173339844
2004-06-04,20.94069480895996,21.089738845825195
2004-06-07,21.164260864257812,21.318273544311523
2004-06-08,21.20400619506836,21.382858276367188
2004-06-09,21.382858276367188,21.422603607177734
2004-06-10,21.432540893554688,21.5368709564209
2004-06-14,21.338146209716797,21.015216827392578
2004-06-15,21.089738845825195,21.030120849609375
2004-06-16,20.94069480895996,20.94069480895996
2004-06-17,20.89101219177246,21.00031280517578
2004-06-18,20.816490173339844,21.45241355895996
2004-06-21,21.412668228149414,21.586551666259766
2004-06-22,21.591520309448242,21.934322357177734
2004-06-23,21.884641647338867,22.28209114074707
2004-06-24,22.28209114074707,22.619924545288086
2004-06-25,22.54540252685547,22.74412727355957
2004-06-28,22.818649291992188,22.585147857666016
2004-06-29,22.585147857666016,22.833555221557617
2004-06-30,22.783872604370117,23.06705665588379
2004-07-01,23.062089920043945,22.684511184692383
2004-07-02,22.684511184692383,22.619924545288086
2004-07-06,22.619924545288086,22.232410430908203
2004-07-07,22.227441787719727,22.301963806152344
2004-07-08,22.30693244934082,22.02374839782715
2004-07-09,22.08336639404297,22.27215576171875
2004-07-12,22.27215576171875,22.0336856842041
2004-07-13,22.10820770263672,22.242345809936523
2004-07-14,22.207569122314453,22.192665100097656
2004-07-15,22.28209114074707,22.16285514831543
2004-07-16,22.356613159179688,21.765405654907227
2004-07-19,21.84489631652832,22.4609432220459
2004-07-20,22.41126251220703,23.265783309936523
2004-07-21,23.310495376586914,22.908077239990234
2004-07-22,22.91304588317871,23.10183334350586
2004-07-23,23.09189796447754,22.704383850097656
2004-07-26,22.704383850097656,22.80374526977539
2004-07-27,22.927949905395508,23.479412078857422
2004-07-28,23.35024070739746,23.002471923828125
2004-07-29,23.00743865966797,23.4197940826416
2004-07-30,23.399921417236328,23.474443435668945
2004-08-02,23.464508056640625,23.389986038208008
2004-08-03,23.34030532836914,22.952789306640625
2004-08-04,22.88820457458496,22.729223251342773
2004-08-05,22.729223251342773,22.321836471557617
2004-08-06,21.9840030670166,21.641202926635742
2004-08-09,21.740564346313477,21.680946350097656
2004-08-10,21.710756301879883,21.959163665771484
2004-08-11,20.269996643066406,21.362985610961914
2004-08-12,21.26362419128418,21.343114852905273
2004-08-13,21.412668228149414,21.407699584960938
2004-08-16,21.362985610961914,21.904512405395508
2004-08-17,21.899545669555664,21.87967300415039
2004-08-18,21.86476707458496,22.17776107788086
2004-08-19,22.10820770263672,22.356613159179688
2004-08-20,22.356613159179688,22.39139175415039
2004-08-23,22.356613159179688,22.37648582458496
2004-08-24,22.451007843017578,22.60502052307129
2004-08-25,22.57024383544922,22.992534637451172
2004-08-26,22.942853927612305,23.240942001342773
2004-08-27,23.240942001342773,23.24591064453125
2004-08-30,23.250877380371094,22.93291664123535
2004-08-31,22.937885284423828,23.027311325073242
2004-09-01,22.962726593017578,23.037248611450195
2004-09-02,23.076993942260742,23.211132049560547
2004-09-03,23.201196670532227,23.106801986694336
2004-09-07,23.226036071777344,23.439666748046875
2004-09-08,23.439666748046875,23.32539939880371
2004-09-09,23.330368041992188,23.380050659179688
2004-09-10,23.32539939880371,23.772531509399414
2004-09-13,23.747692108154297,23.8818302154541
2004-09-14,23.90667152404785,24.150110244750977
2004-09-15,24.095460891723633,23.817245483398438
2004-09-16,23.792404174804688,23.698009490966797
2004-09-17,23.772531509399414,23.60361671447754
2004-09-20,23.60361671447754,23.68310546875
2004-09-21,23.74272346496582,24.16004753112793
2004-09-22,24.16004753112793,23.608583450317383
2004-09-23,23.548965454101562,23.58871078491211
2004-09-24,23.688074111938477,23.509220123291016
2004-09-27,23.45953941345215,23.28068733215332
2004-09-28,23.37508201599121,23.265783309936523
2004-09-29,23.29062271118164,23.34030532836914
2004-09-30,23.36017608642578,23.399921417236328
2004-10-01,23.449604034423828,24.011003494262695
2004-10-04,24.478008270263672,24.57240104675293
2004-10-05,24.57240104675293,24.557498931884766
2004-10-06,24.49291229248047,24.711509704589844
2004-10-07,24.592275619506836,24.532657623291016
2004-10-08,24.512784957885742,24.284250259399414
2004-10-11,24.368709564208984,24.413421630859375
2004-10-12,24.368709564208984,24.269346237182617
2004-10-13,24.269346237182617,23.82718276977539
2004-10-14,23.87189483642578,23.35024070739746
2004-10-15,23.449604034423828,23.54399871826172
2004-10-18,23.54399871826172,23.76756477355957
2004-10-19,23.86195945739746,23.83711814880371
2004-10-20,23.67317008972168,23.951385498046875
2004-10-21,24.045780181884766,24.403486251831055
2004-10-22,24.403486251831055,23.64832878112793
2004-10-25,23.598648071289062,23.876863479614258
2004-10-26,23.807308197021484,23.961322784423828
2004-10-27,23.901704788208008,24.71647834777832
2004-10-28,24.736351013183594,24.691638946533203
2004-10-29,24.791000366210938,24.676733016967773
2004-11-01,24.840681076049805,24.58730697631836
2004-11-02,24.567434310913086,24.840681076049805
2004-11-03,25.064247131347656,24.940044403076172
2004-11-04,24.940044403076172,25.277877807617188
2004-11-05,24.815841674804688,24.840681076049805
2004-11-08,24.84564971923828,24.915203094482422
2004-11-09,24.766159057617188,24.9052677154541
2004-11-10,25.834308624267578,26.64908218383789
2004-11-11,26.529848098754883,27.200546264648438
2004-11-12,27.19557762145996,27.468826293945312
2004-11-15,27.275068283081055,27.275068283081055
2004-11-16,27.28003692626953,26.97201156616211
2004-11-17,27.016725540161133,27.121055603027344
2004-11-18,26.773286819458008,26.788190841674805
2004-11-19,26.728574752807617,26.30628204345703
2004-11-22,26.157238006591797,26.539783477783203
2004-11-23,26.33112335205078,26.350994110107422
2004-11-24,26.455326080322266,26.64908218383789
2004-11-26,26.619274139404297,26.559656143188477
2004-11-29,26.599401473999023,26.435453414916992
2004-11-30,26.385772705078125,26.87761878967285
2004-12-01,26.95214080810547,27.687423706054688
2004-12-02,27.687423706054688,27.399272918701172
2004-12-03,27.349590301513672,27.85137176513672
2004-12-06,28.19417381286621,28.666147232055664
2004-12-07,28.8151912689209,28.060033798217773
2004-12-08,28.19417381286621,28.045129776000977
2004-12-09,27.771881103515625,27.925893783569336
2004-12-10,27.756977081298828,27.70729637145996
2004-12-13,28.19417381286621,28.442581176757812
2004-12-14,28.2885684967041,28.402835845947266
2004-12-15,28.27863121032715,28.21901512145996
2004-12-16,28.035192489624023,28.248823165893555
2004-12-17,28.079906463623047,27.92092514038086
2004-12-20,27.92092514038086,27.915958404541016
2004-12-21,28.020288467407227,27.86627769470215
2004-12-22,27.632774353027344,27.81659507751465
2004-12-23,27.821563720703125,27.896085739135742
2004-12-27,27.92092514038086,27.61290168762207
2004-12-28,27.617870330810547,27.871244430541992
2004-12-29,27.87621307373047,27.950735092163086
2004-12-30,27.975576400756836,28.050098419189453
2004-12-31,27.97060775756836,28.00538444519043
2005-01-03,28.00538444519043,27.61290168762207
2005-01-04,27.662582397460938,27.106151580810547
2005-01-05,27.22041893005371,26.98691749572754
2005-01-06,26.93723487854004,26.79315948486328
2005-01-07,26.917362213134766,26.837873458862305
2005-01-10,26.862712860107422,26.748445510864258
2005-01-11,26.693796157836914,26.574560165405273
2005-01-12,26.66398811340332,26.723604202270508
2005-01-13,26.773286819458008,26.192014694213867
2005-01-14,26.28144073486328,26.659019470214844
2005-01-18,26.53481674194336,27.15086555480957
2005-01-19,27.12602424621582,26.56959342956543
2005-01-20,26.370868682861328,26.033035278320312
2005-01-21,25.993289947509766,25.585901260375977
2005-01-24,25.590869903564453,25.337495803833008
2005-01-25,25.436857223510742,25.173547744750977
2005-01-26,25.198387145996094,25.23813247680664
2005-01-27,25.248069763183594,25.183483123779297
2005-01-28,25.21329116821289,25.009597778320312
2005-01-31,25.26297378540039,25.59583854675293
2005-02-01,25.710105895996094,25.670360565185547
2005-02-02,25.744882583618164,25.506412506103516
2005-02-03,25.506412506103516,25.49150848388672
2005-02-04,25.53622055053711,25.923736572265625
2005-02-07,25.834308624267578,26.04793930053711
2005-02-08,26.052907943725586,25.834308624267578
2005-02-09,25.277877807617188,24.582338333129883
2005-02-10,24.582338333129883,23.82718276977539
2005-02-11,23.82718276977539,24.10042953491211
2005-02-14,24.105398178100586,23.583742141723633
2005-02-15,23.63839340209961,23.529094696044922
2005-02-16,23.524126052856445,23.201196670532227
2005-02-17,23.226036071777344,22.977630615234375
2005-02-18,22.952789306640625,22.659669876098633
2005-02-22,22.60502052307129,22.356613159179688
2005-02-23,22.480817794799805,22.321836471557617
2005-02-24,22.361581802368164,22.783872604370117
2005-02-25,22.684511184692383,22.72425651550293
2005-02-28,23.12667465209961,22.967693328857422
2005-03-01,23.146547317504883,23.35024070739746
2005-03-02,23.16145133972168,22.893171310424805
2005-03-03,22.903108596801758,23.04718589782715
2005-03-04,23.35024070739746,23.275718688964844
2005-03-07,23.206165313720703,23.176355361938477
2005-03-08,23.176355361938477,22.431135177612305
2005-03-09,22.381454467773438,22.05852508544922
2005-03-10,22.406295776367188,22.555339813232422
2005-03-11,22.85342788696289,22.619924545288086
2005-03-14,22.669605255126953,22.92298126220703
2005-03-15,22.94782257080078,22.609989166259766
2005-03-16,22.609989166259766,22.18769645690918
2005-03-17,22.301963806152344,22.262218475341797
2005-03-18,22.381454467773438,22.336740493774414
2005-03-21,22.38642120361328,22.714319229125977
2005-03-22,22.619924545288086,22.60502052307129
2005-03-23,22.555339813232422,22.451007843017578
2005-03-24,22.480817794799805,22.52056121826172
2005-03-28,22.67457389831543,22.505657196044922
2005-03-29,22.396358489990234,22.292028427124023
2005-03-30,22.356613159179688,22.69941520690918
2005-03-31,22.68947982788086,22.778905868530273
2005-04-01,22.878267288208008,22.565275192260742
2005-04-04,22.515594482421875,22.823617935180664
2005-04-05,22.873300552368164,22.783872604370117
2005-04-06,22.893171310424805,23.002471923828125
2005-04-07,22.952789306640625,23.08196258544922
2005-04-08,23.03227996826172,22.66463851928711
2005-04-11,23.822214126586914,23.583742141723633
2005-04-12,23.58871078491211,23.558902740478516
2005-04-13,23.563871383666992,23.171388626098633
2005-04-14,23.166419982910156,22.97266387939453
2005-04-15,22.356613159179688,21.839927673339844
2005-04-18,21.825023651123047,21.412668228149414
2005-04-19,21.46234893798828,21.740564346313477
2005-04-20,21.735597610473633,21.29840087890625
2005-04-21,21.49712562561035,21.9840030670166
2005-04-22,21.884641647338867,21.611392974853516
2005-04-25,21.859800338745117,21.85483169555664
2005-04-26,21.661075592041016,21.482221603393555
2005-04-27,21.313304901123047,21.641202926635742
2005-04-28,21.39279556274414,21.39279556274414
2005-04-29,21.447444915771484,21.601457595825195
2005-05-02,21.601457595825195,21.710756301879883
2005-05-03,21.65610694885254,21.85483169555664
2005-05-04,21.884641647338867,21.988971710205078
2005-05-05,21.909481048583984,21.82005500793457
2005-05-06,21.82005500793457,21.86476707458496
2005-05-09,21.909481048583984,22.088333129882812
2005-05-10,21.88960838317871,21.85483169555664
2005-05-11,21.710756301879883,21.82999038696289
2005-05-12,21.735597610473633,21.5219669342041
2005-05-13,21.601457595825195,21.671010971069336
2005-05-16,21.29840087890625,21.526935577392578
2005-05-17,21.338146209716797,21.675979614257812
2005-05-18,21.71572494506836,21.869735717773438
2005-05-19,21.800182342529297,22.277122497558594
2005-05-20,22.301963806152344,22.296995162963867
2005-05-23,22.157888412475586,22.00884437561035
2005-05-24,22.02374839782715,22.74412727355957
2005-05-25,23.176355361938477,23.12667465209961
2005-05-26,23.31546401977539,23.370113372802734
2005-05-27,23.35024070739746,23.052152633666992
2005-05-31,23.072025299072266,23.00743865966797
2005-06-01,23.002471923828125,23.121707916259766
2005-06-02,22.94782257080078,23.300559997558594
2005-06-03,23.16145133972168,22.72425651550293
2005-06-06,22.684511184692383,22.704383850097656
2005-06-07,22.818649291992188,22.609989166259766
2005-06-08,22.714319229125977,22.500690460205078
2005-06-09,22.505657196044922,22.500690460205078
2005-06-10,22.500690460205078,22.301963806152344
2005-06-13,22.14298439025879,22.311899185180664
2005-06-14,22.287059783935547,22.02374839782715
2005-06-15,22.232410430908203,21.641202926635742
2005-06-16,21.457380294799805,21.695850372314453
2005-06-17,21.859800338745117,21.988971710205078
2005-06-20,21.81011962890625,21.76043701171875
2005-06-21,21.710756301879883,21.770374298095703
2005-06-22,21.859800338745117,21.76043701171875
2005-06-23,21.75050163269043,21.79521369934082
2005-06-24,21.710756301879883,21.482221603393555
2005-06-27,21.348081588745117,21.442476272583008
2005-06-28,21.492158889770508,21.735597610473633
2005-06-29,21.80514907836914,21.641202926635742
2005-06-30,21.76043701171875,21.710756301879883
2005-07-01,21.874704360961914,21.9989070892334
2005-07-05,21.899545669555664,22.02374839782715
2005-07-06,22.02374839782715,21.969099044799805
2005-07-07,21.7852783203125,22.063493728637695
2005-07-08,22.088333129882812,22.147951126098633
2005-07-11,22.00884437561035,22.113174438476562
2005-07-12,22.013811111450195,22.455976486206055
2005-07-13,22.58017921447754,22.455976486206055
2005-07-14,22.530498504638672,22.619924545288086
2005-07-15,22.729223251342773,22.66463851928711
2005-07-18,22.614957809448242,22.66463851928711
2005-07-19,22.868331909179688,23.106801986694336
2005-07-20,22.41126251220703,22.838523864746094
2005-07-21,22.76896858215332,22.858394622802734
2005-07-22,22.903108596801758,22.873300552368164
2005-07-25,22.937885284423828,22.530498504638672
2005-07-26,22.555339813232422,22.54540252685547
2005-07-27,22.555339813232422,22.60502052307129
2005-07-28,22.62986183166504,22.838523864746094
2005-07-29,22.91304588317871,22.74412727355957
2005-08-01,22.73419189453125,22.739160537719727
2005-08-02,22.86336326599121,22.903108596801758
2005-08-03,22.85342788696289,23.171388626098633
2005-08-04,23.235973358154297,23.270751953125
2005-08-05,23.151514053344727,22.34170913696289
2005-08-08,22.416231155395508,22.147951126098633
2005-08-09,22.33177375793457,22.02374839782715
2005-08-10,22.207569122314453,21.849863052368164
2005-08-11,21.934322357177734,21.9840030670166
2005-08-12,21.9840030670166,21.988971710205078
2005-08-15,21.884641647338867,22.028717041015625
2005-08-16,21.979034423828125,21.909481048583984
2005-08-17,21.884641647338867,22.133047103881836
2005-08-18,22.018779754638672,22.157888412475586
2005-08-19,22.232410430908203,21.979034423828125
2005-08-22,22.00884437561035,21.84489631652832
2005-08-23,21.88960838317871,21.909481048583984
2005-08-24,21.909481048583984,21.859800338745117
2005-08-25,21.815086364746094,21.84489631652832
2005-08-26,21.77534294128418,21.76043701171875
2005-08-29,21.740564346313477,21.988971710205078
2005-08-30,21.88960838317871,21.87967300415039
2005-08-31,21.82999038696289,22.133047103881836
2005-09-01,22.12807846069336,22.217506408691406
2005-09-02,22.28209114074707,22.103239059448242
2005-09-06,22.227441787719727,22.381454467773438
2005-09-07,22.296995162963867,22.381454467773438
2005-09-08,22.292028427124023,22.292028427124023
2005-09-09,22.301963806152344,22.356613159179688
2005-09-12,22.30693244934082,22.60502052307129
2005-09-13,22.431135177612305,22.421199798583984
2005-09-14,22.396358489990234,22.172792434692383
2005-09-15,22.167823791503906,22.21253776550293
2005-09-16,22.311899185180664,22.441072463989258
2005-09-19,22.406295776367188,22.62986183166504
2005-09-20,22.704383850097656,22.85342788696289
2005-09-21,22.778905868530273,22.60502052307129
2005-09-22,22.58017921447754,22.4957218170166
2005-09-23,22.41126251220703,22.336740493774414
2005-09-26,22.346677780151367,22.21253776550293
2005-09-27,22.287059783935547,22.53546714782715
2005-09-28,22.600051879882812,22.85342788696289
2005-09-29,22.893171310424805,23.16145133972168
2005-09-30,23.10183334350586,23.504253387451172
2005-10-03,23.45953941345215,23.4197940826416
2005-10-04,23.36017608642578,23.335336685180664
2005-10-05,23.404890060424805,22.7093505859375
2005-10-06,22.66463851928711,22.614957809448242
2005-10-07,22.719287872314453,22.977630615234375
2005-10-10,22.937885284423828,22.773937225341797
2005-10-11,22.773937225341797,22.490753173828125
2005-10-12,22.565275192260742,22.555339813232422
2005-10-13,22.480817794799805,22.704383850097656
2005-10-14,22.68947982788086,22.321836471557617
2005-10-17,22.316869735717773,22.217506408691406
2005-10-18,22.28209114074707,22.296995162963867
2005-10-19,22.381454467773438,22.33177375793457
2005-10-20,22.262218475341797,22.217506408691406
2005-10-21,22.247314453125,22.530498504638672
2005-10-24,23.90667152404785,25.044374465942383
2005-10-25,24.940044403076172,24.199792861938477
2005-10-26,24.343868255615234,24.840681076049805
2005-10-27,24.791000366210938,24.368709564208984
2005-10-28,24.393550872802734,24.71647834777832
2005-10-31,24.766159057617188,25.461698532104492
2005-11-01,29.461048126220703,28.8151912689209
2005-11-02,28.8151912689209,27.94576644897461
2005-11-03,28.06500244140625,26.579530715942383
2005-11-04,26.3559627532959,26.92729949951172
2005-11-07,26.773286819458008,26.420549392700195
2005-11-08,26.36590003967285,25.973417282104492
2005-11-09,25.883989334106445,26.02309799194336
2005-11-10,26.17711067199707,26.624242782592773
2005-11-11,26.6043701171875,26.256601333618164
2005-11-14,26.75838279724121,27.324750900268555
2005-11-15,27.275068283081055,26.857744216918945
2005-11-16,26.82793617248535,26.69876480102539
2005-11-17,26.6043701171875,26.8527774810791
2005-11-18,27.15086555480957,27.250228881835938
2005-11-21,23.792404174804688,24.035844802856445
2005-11-22,24.020938873291016,24.234569549560547
2005-11-23,24.110366821289062,23.832149505615234
2005-11-25,23.97125816345215,24.145143508911133
2005-11-28,24.343868255615234,24.368709564208984
2005-11-29,24.41839027404785,24.368709564208984
2005-11-30,24.368709564208984,24.95494842529297
2005-12-01,25.024503707885742,25.03940773010254
2005-12-02,24.865522384643555,24.602210998535156
2005-12-05,24.478008270263672,24.52768898010254
2005-12-06,24.641956329345703,24.522720336914062
2005-12-07,24.51775360107422,24.52768898010254
2005-12-08,24.41839027404785,24.393550872802734
2005-12-09,24.368709564208984,24.602210998535156
2005-12-12,24.651893615722656,24.304122924804688
2005-12-13,24.378644943237305,24.393550872802734
2005-12-14,24.54259490966797,24.6568603515625
2005-12-15,24.71647834777832,24.74131965637207
2005-12-16,24.691638946533203,24.438262939453125
2005-12-19,24.393550872802734,24.393550872802734
2005-12-20,24.343868255615234,24.16998291015625
2005-12-21,24.294187545776367,24.363740921020508
2005-12-22,24.294187545776367,24.52768898010254
2005-12-23,24.592275619506836,24.632020950317383
2005-12-27,25.337495803833008,25.04934310913086
2005-12-28,25.163610458374023,25.148706436157227
2005-12-29,25.163610458374023,25.089088439941406
2005-12-30,24.994693756103516,25.15864372253418
2006-01-03,25.57099723815918,25.4318904876709
2006-01-04,25.362335205078125,25.248069763183594
2006-01-05,27.17570686340332,27.23035430908203
2006-01-06,27.42411231994629,27.409208297729492
2006-01-09,27.319782257080078,27.17570686340332
2006-01-10,27.17570686340332,27.463857650756836
2006-01-11,27.48373031616211,27.607934951782227
2006-01-12,27.64767837524414,27.434049606323242
2006-01-13,26.584497451782227,26.713668823242188
2006-01-17,26.39073944091797,26.206918716430664
2006-01-18,26.033035278320312,26.529848098754883
2006-01-19,26.554689407348633,26.375835418701172
2006-01-20,26.346027374267578,25.113929748535156
2006-01-23,25.163610458374023,24.964885711669922
2006-01-24,25.089088439941406,24.840681076049805
2006-01-25,24.840681076049805,24.547561645507812
2006-01-26,24.617116928100586,25.233165740966797
2006-01-27,25.402080535888672,25.23813247680664
2006-01-30,25.188451766967773,25.337495803833008
2006-01-31,25.337495803833008,25.188451766967773
2006-02-01,25.17851448059082,25.481571197509766
2006-02-02,25.481571197509766,25.486539840698242
2006-02-03,25.312654495239258,25.054311752319336
2006-02-06,25.03940773010254,24.910236358642578
2006-02-07,24.959917068481445,24.502849578857422
2006-02-08,25.287813186645508,25.610742568969727
2006-02-09,25.496475219726562,24.974821090698242
2006-02-10,24.890363693237305,25.506412506103516
2006-02-13,25.521316528320312,25.864118576049805
2006-02-14,25.983352661132812,25.983352661132812
2006-02-15,25.883989334106445,26.42551612854004
2006-02-16,26.470230102539062,26.524879455566406
2006-02-17,26.480167388916016,26.683860778808594
2006-02-21,26.778255462646484,26.922330856323242
2006-02-22,27.12602424621582,27.026662826538086
2006-02-23,27.001821517944336,26.519912719726562
2006-02-24,26.514944076538086,26.723604202270508
2006-02-27,26.778255462646484,27.17570686340332
2006-02-28,27.12602424621582,26.99685287475586
2006-03-01,27.026662826538086,27.155832290649414
2006-03-02,27.155832290649414,27.12602424621582
2006-03-03,27.016725540161133,26.967044830322266
2006-03-06,26.95214080810547,27.225387573242188
2006-03-07,27.24526023864746,26.798128128051758
2006-03-08,26.753414154052734,26.803096771240234
2006-03-09,26.728574752807617,26.519912719726562
2006-03-10,26.644115447998047,27.747041702270508
2006-03-13,27.47379493713379,27.821563720703125
2006-03-14,27.747041702270508,28.268695831298828
2006-03-15,28.392898559570312,28.556848526000977
2006-03-16,28.571752548217773,28.069969177246094
2006-03-17,28.19417381286621,28.268695831298828
2006-03-20,28.154428482055664,28.377994537353516
2006-03-21,28.44754981994629,28.010353088378906
2006-03-22,27.771881103515625,28.189205169677734
2006-03-23,28.0401611328125,27.990480422973633
2006-03-24,27.891117095947266,28.104747772216797
2006-03-27,28.084875106811523,28.3034725189209
2006-03-28,28.154428482055664,27.50857162475586
2006-03-29,27.324750900268555,27.632774353027344
2006-03-30,27.722200393676758,27.64767837524414
2006-03-31,27.652647018432617,27.597997665405273
2006-04-03,27.796722412109375,28.462453842163086
2006-04-04,29.709455490112305,29.709455490112305
2006-04-05,29.754169464111328,29.66474151611328
2006-04-06,29.490856170654297,29.510730743408203
2006-04-07,29.53557014465332,28.949331283569336
2006-04-10,28.964235305786133,28.760541915893555
2006-04-11,28.760541915893555,28.656211853027344
2006-04-12,28.616464614868164,28.879777908325195
2006-04-13,28.90958595275879,28.864871978759766
2006-04-17,28.864871978759766,29.13315200805664
2006-04-18,29.182832717895508,29.376590728759766
2006-04-19,29.282196044921875,29.088438034057617
2006-04-20,29.068565368652344,29.58525276184082
2006-04-21,29.674678802490234,29.247419357299805
2006-04-24,29.257354736328125,29.13315200805664
2006-04-25,29.10831069946289,29.058629989624023
2006-04-26,29.088438034057617,29.16792869567871
2006-04-27,29.138120651245117,29.326908111572266
2006-04-28,29.0635986328125,29.088438034057617
2006-05-01,29.068565368652344,28.974170684814453
2006-05-02,28.96920394897461,29.207674026489258
2006-05-03,29.192768096923828,29.018884658813477
2006-05-04,29.088438034057617,29.088438034057617
2006-05-05,29.033788681030273,29.128183364868164
2006-05-08,29.22754669189453,29.575315475463867
2006-05-09,29.33684539794922,29.13315200805664
2006-05-10,29.128183364868164,29.182832717895508
2006-05-11,29.093406677246094,28.82512664794922
2006-05-12,28.626401901245117,28.720796585083008
2006-05-15,28.666147232055664,28.651241302490234
2006-05-16,28.601560592651367,28.502197265625
2006-05-17,28.377994537353516,28.189205169677734
2006-05-18,28.268695831298828,27.811626434326172
2006-05-19,27.41417694091797,27.697359085083008
2006-05-22,27.62283706665039,27.498634338378906
2006-05-23,27.250228881835938,27.170738220214844
2006-05-24,26.08271598815918,27.03162956237793
2006-05-25,27.101184844970703,27.91098976135254
2006-05-26,27.896085739135742,28.045129776000977
2006-05-30,27.92092514038086,27.642711639404297
2006-05-31,27.74207305908203,27.94576644897461
2006-06-01,28.045129776000977,28.035192489624023
2006-06-02,28.00538444519043,28.21901512145996
2006-06-05,28.045129776000977,27.871244430541992
2006-06-06,27.91098976135254,28.069969177246094
2006-06-07,28.119651794433594,28.223983764648438
2006-06-08,28.045129776000977,28.233919143676758
2006-06-09,28.18423843383789,27.990480422973633
2006-06-12,27.896085739135742,27.359527587890625
2006-06-13,27.41417694091797,26.82793617248535
2006-06-14,26.87761878967285,27.275068283081055
2006-06-15,27.384368896484375,27.796722412109375
2006-06-16,27.67251968383789,27.453922271728516
2006-06-19,27.563220977783203,27.563220977783203
2006-06-20,27.56818962097168,27.493667602539062
2006-06-21,27.47379493713379,27.76691436767578
2006-06-22,27.771881103515625,27.299909591674805
2006-06-23,27.225387573242188,27.35455894470215
2006-06-26,27.3148136138916,27.478761672973633
2006-06-27,27.503602981567383,27.135961532592773
2006-06-28,27.170738220214844,27.478761672973633
2006-06-29,27.60296630859375,27.761945724487305
2006-06-30,25.610742568969727,24.12527084350586
2006-07-03,24.46807289123535,25.15367317199707
2006-07-05,25.138769149780273,26.192014694213867
2006-07-06,26.112525939941406,26.0926513671875
2006-07-07,26.033035278320312,26.102588653564453
2006-07-10,26.08271598815918,26.17711067199707
2006-07-11,26.077747344970703,26.460294723510742
2006-07-12,26.480167388916016,26.61430549621582
2006-07-13,26.529848098754883,26.33112335205078
2006-07-14,26.231760025024414,26.206918716430664
2006-07-17,24.840681076049805,25.17851448059082
2006-07-18,25.064247131347656,25.744882583618164
2006-07-19,25.81940460205078,26.102588653564453
2006-07-20,26.008193969726562,25.556093215942383
2006-07-21,25.630615234375,25.45673179626465
2006-07-24,25.556093215942383,25.590869903564453
2006-07-25,25.481571197509766,26.02309799194336
2006-07-26,25.923736572265625,25.799531936645508
2006-07-27,25.829341888427734,25.660423278808594
2006-07-28,25.834308624267578,26.008193969726562
2006-07-31,25.958511352539062,26.028066635131836
2006-08-01,25.933671951293945,25.585901260375977
2006-08-02,25.138769149780273,25.183483123779297
2006-08-03,25.123865127563477,25.39214515686035
2006-08-04,25.44182586669922,25.004629135131836
2006-08-07,24.815841674804688,24.388580322265625
2006-08-08,24.26437759399414,23.663232803344727
2006-08-09,23.668201446533203,23.593679428100586
2006-08-10,23.593679428100586,23.51915740966797
2006-08-11,23.499284744262695,23.429731369018555
2006-08-14,23.35024070739746,23.29062271118164
2006-08-15,23.4694766998291,23.270751953125
2006-08-16,23.44463539123535,23.698009490966797
2006-08-17,23.698009490966797,23.37508201599121
2006-08-18,23.474443435668945,23.38501739501953
2006-08-21,23.355209350585938,23.16145133972168
2006-08-22,23.111770629882812,23.211132049560547
2006-08-23,23.389986038208008,23.548965454101562
2006-08-24,23.67317008972168,23.295591354370117
2006-08-25,23.121707916259766,23.151514053344727
2006-08-28,23.10183334350586,23.365144729614258
2006-08-29,23.399921417236328,23.370113372802734
2006-08-30,23.32539939880371,23.355209350585938
2006-08-31,23.355209350585938,23.539030075073242
2006-09-01,23.524126052856445,23.394954681396484
2006-09-05,23.489349365234375,23.489349365234375
2006-09-06,23.24591064453125,23.156484603881836
2006-09-07,22.97266387939453,23.06705665588379
2006-09-08,23.10183334350586,23.653297424316406
2006-09-11,23.593679428100586,23.539030075073242
2006-09-12,23.4694766998291,23.856990814208984
2006-09-13,23.807308197021484,23.936481475830078
2006-09-14,23.88680076599121,23.97125816345215
2006-09-15,24.095460891723633,24.070621490478516
2006-09-18,24.120302200317383,24.343868255615234
2006-09-19,24.368709564208984,24.16998291015625
2006-09-20,24.16998291015625,24.085525512695312
2006-09-21,24.045780181884766,23.598648071289062
2006-09-22,23.668201446533203,23.568838119506836
2006-09-25,23.747692108154297,23.688074111938477
2006-09-26,23.643360137939453,23.847055435180664
2006-09-27,23.852022171020508,23.87189483642578
2006-09-28,24.110366821289062,24.393550872802734
2006-09-29,24.269346237182617,24.403486251831055
2006-10-02,24.393550872802734,24.189855575561523
2006-10-03,24.050748825073242,24.105398178100586
2006-10-04,24.145143508911133,24.244504928588867
2006-10-05,24.32399559020996,24.145143508911133
2006-10-06,24.095460891723633,24.080556869506836
2006-10-09,24.04081153869629,23.852022171020508
2006-10-10,23.732786178588867,23.693042755126953
2006-10-11,23.593679428100586,24.145143508911133
2006-10-12,24.145143508911133,24.179920196533203
2006-10-13,24.21966552734375,24.507816314697266
2006-10-16,25.138769149780273,25.198387145996094
2006-10-17,25.089088439941406,25.635583877563477
2006-10-18,25.65545654296875,25.635583877563477
2006-10-19,25.541189193725586,25.312654495239258
2006-10-20,25.287813186645508,25.446794509887695
2006-10-23,25.47660255432129,25.541189193725586
2006-10-24,25.49150848388672,25.426921844482422
2006-10-25,25.337495803833008,25.804500579833984
2006-10-26,25.834308624267578,26.15226936340332
2006-10-27,26.132396697998047,26.216856002807617
2006-10-30,26.216856002807617,26.41558074951172
2006-10-31,26.33112335205078,26.256601333618164
2006-11-01,26.06781005859375,26.27150535583496
2006-11-02,26.30628204345703,26.36590003967285
2006-11-03,25.23813247680664,24.592275619506836
2006-11-06,24.592275619506836,24.74131965637207
2006-11-07,24.815841674804688,25.223228454589844
2006-11-08,25.01456642150879,25.287813186645508
2006-11-09,25.337495803833008,25.337495803833008
2006-11-10,25.337495803833008,25.20335578918457
2006-11-13,25.089088439941406,25.705137252807617
2006-11-14,25.65545654296875,25.546157836914062
2006-11-15,25.362335205078125,25.23813247680664
2006-11-16,25.23813247680664,25.71507453918457
2006-11-17,25.71507453918457,25.685264587402344
2006-11-20,25.56106185913086,25.754819869995117
2006-11-21,25.79456329345703,25.74985122680664
2006-11-22,25.72500991821289,25.97838592529297
2006-11-24,25.864118576049805,25.695201873779297
2006-11-27,25.695201873779297,25.630615234375
2006-11-28,25.506412506103516,25.46666717529297
2006-11-29,25.590869903564453,25.8939266204834
2006-11-30,25.943607330322266,25.933671951293945
2006-12-01,26.05787467956543,25.84424591064453
2006-12-04,25.84424591064453,26.157238006591797
2006-12-05,26.10755729675293,26.216856002807617
2006-12-06,26.15226936340332,26.3410587310791
2006-12-07,26.430484771728516,26.42551612854004
2006-12-08,26.430484771728516,26.6043701171875
2006-12-11,26.67392349243164,26.54475212097168
2006-12-12,26.465261459350586,26.48513412475586
2006-12-13,26.6043701171875,26.514944076538086
2006-12-14,26.480167388916016,26.798128128051758
2006-12-15,26.723604202270508,26.624242782592773
2006-12-18,26.59443473815918,26.346027374267578
2006-12-19,26.346027374267578,26.430484771728516
2006-12-20,26.38080406188965,26.4056453704834
2006-12-21,26.529848098754883,26.654052734375
2006-12-22,26.62921142578125,26.619274139404297
2006-12-26,26.589466094970703,26.66398811340332
2006-12-27,26.693796157836914,26.79315948486328
2006-12-28,26.70870018005371,26.50997543334961
2006-12-29,26.50997543334961,26.514944076538086
2007-01-03,26.4056453704834,25.804500579833984
2007-01-04,25.789596557617188,25.73494529724121
2007-01-05,25.834308624267578,25.74985122680664
2007-01-08,25.635583877563477,25.908830642700195
2007-01-09,25.983352661132812,25.779659271240234
2007-01-10,25.645519256591797,25.66539192199707
2007-01-11,25.73494529724121,25.600807189941406
2007-01-12,25.397113800048828,25.451763153076172
2007-01-16,25.51137924194336,25.516347885131836
2007-01-17,25.531253814697266,25.839277267456055
2007-01-18,25.486539840698242,25.8939266204834
2007-01-19,25.8939266204834,25.729978561401367
2007-01-22,25.53622055053711,25.44182586669922
2007-01-23,25.49150848388672,25.51137924194336
2007-01-24,25.516347885131836,25.625646591186523
2007-01-25,25.695201873779297,25.958511352539062
2007-01-26,25.849212646484375,26.15226936340332
2007-01-29,26.15226936340332,26.003225326538086
2007-01-30,26.052907943725586,26.042970657348633
2007-01-31,26.01316261291504,26.062843322753906
2007-02-01,26.182079315185547,26.4056453704834
2007-02-02,26.4056453704834,26.763351440429688
2007-02-05,26.6043701171875,26.519912719726562
2007-02-06,26.4056453704834,26.45035743713379
2007-02-07,27.15086555480957,27.17570686340332
2007-02-08,27.076343536376953,27.046533584594727
2007-02-09,27.026662826538086,26.8527774810791
2007-02-12,26.82793617248535,26.619274139404297
2007-02-13,26.579530715942383,27.011756896972656
2007-02-14,27.101184844970703,26.922330856323242
2007-02-15,26.82793617248535,27.00678825378418
2007-02-16,27.00678825378418,27.170738220214844
2007-02-20,27.026662826538086,27.101184844970703
2007-02-21,27.041566848754883,27.026662826538086
2007-02-22,27.140928268432617,27.02169418334961
2007-02-23,26.8676815032959,26.81800079345703
2007-02-26,26.822967529296875,26.659019470214844
2007-02-27,26.579530715942383,26.08271598815918
2007-02-28,26.08271598815918,26.29634666442871
2007-03-01,25.883989334106445,25.908830642700195
2007-03-02,25.8790225982666,25.729978561401367
2007-03-05,25.645519256591797,25.53622055053711
2007-03-06,25.610742568969727,25.625646591186523
2007-03-07,25.625646591186523,25.50144386291504
2007-03-08,25.57099723815918,25.610742568969727
2007-03-09,25.73494529724121,25.710105895996094
2007-03-12,25.481571197509766,25.556093215942383
2007-03-13,25.46666717529297,25.352399826049805
2007-03-14,25.38220977783203,25.402080535888672
2007-03-15,25.377241134643555,25.45673179626465
2007-03-16,25.412017822265625,25.15864372253418
2007-03-19,25.267942428588867,25.29775047302246
2007-03-20,25.834308624267578,25.8939266204834
2007-03-21,25.888959884643555,26.05787467956543
2007-03-22,26.028066635131836,26.206918716430664
2007-03-23,26.167173385620117,26.03800392150879
2007-03-26,25.983352661132812,25.963481903076172
2007-03-27,25.923736572265625,25.913799285888672
2007-03-28,25.859149932861328,25.834308624267578
2007-03-29,25.8939266204834,25.98832130432129
2007-03-30,25.958511352539062,25.898895263671875
2007-04-02,25.933671951293945,25.695201873779297
2007-04-03,25.864118576049805,26.728574752807617
2007-04-04,26.678892135620117,26.70870018005371
2007-04-05,26.73354148864746,26.728574752807617
2007-04-09,26.728574752807617,26.6043701171875
2007-04-10,26.465261459350586,26.256601333618164
2007-04-11,26.276472091674805,26.654052734375
2007-04-12,26.64908218383789,26.8676815032959
2007-04-13,26.84284019470215,26.723604202270508
2007-04-16,26.917362213134766,26.67392349243164
2007-04-17,26.703733444213867,26.87761878967285
2007-04-18,26.84284019470215,26.976980209350586
2007-04-19,26.96207618713379,27.106151580810547
2007-04-20,27.170738220214844,27.225387573242188
2007-04-23,27.309846878051758,27.260164260864258
2007-04-24,27.25519561767578,27.503602981567383
2007-04-25,27.53341293334961,27.806659698486328
2007-04-26,27.821563720703125,27.737104415893555
2007-04-27,28.19417381286621,28.00538444519043
2007-04-30,28.020288467407227,27.593029022216797
2007-05-01,27.61290168762207,27.930862426757812
2007-05-02,27.7768497467041,27.747041702270508
2007-05-03,27.81659507751465,27.60296630859375
2007-05-04,27.60296630859375,27.652647018432617
2007-05-07,27.558252334594727,27.662582397460938
2007-05-08,27.617870330810547,27.270099639892578
2007-05-09,27.270099639892578,27.667551040649414
2007-05-10,27.617870330810547,27.240291595458984
2007-05-11,27.294940948486328,28.035192489624023
2007-05-14,27.896085739135742,27.781818389892578
2007-05-15,27.747041702270508,27.881181716918945
2007-05-16,27.87621307373047,28.576719284057617
2007-05-17,28.536975860595703,28.25379180908203
2007-05-18,28.248823165893555,28.48232650756836
2007-05-21,26.8676815032959,28.348186492919922
2007-05-22,28.8151912689209,28.686019897460938
2007-05-23,28.686019897460938,27.846403121948242
2007-05-24,28.0401611328125,27.717233657836914
2007-05-25,27.642711639404297,28.06500244140625
2007-05-29,28.14449119567871,27.80169105529785
2007-05-30,27.573156356811523,28.15939712524414
2007-05-31,27.747041702270508,27.523475646972656
2007-06-01,27.523475646972656,27.846403121948242
2007-06-04,27.61290168762207,27.985511779785156
2007-06-05,27.831499099731445,28.298505783081055
2007-06-06,28.268695831298828,27.632774353027344
2007-06-07,27.563220977783203,27.523475646972656
2007-06-08,27.498634338378906,27.811626434326172
2007-06-11,27.697359085083008,27.62283706665039
2007-06-12,27.573156356811523,27.19557762145996
2007-06-13,27.121055603027344,27.836467742919922
2007-06-14,27.071374893188477,27.250228881835938
2007-06-15,27.369462966918945,27.399272918701172
2007-06-18,27.419145584106445,27.439016342163086
2007-06-19,27.513538360595703,28.42270851135254
2007-06-20,28.36309051513672,28.51710319519043
2007-06-21,28.566783905029297,28.636337280273438
2007-06-22,28.566783905029297,28.591625213623047
2007-06-25,28.541942596435547,29.192768096923828
2007-06-26,29.192768096923828,28.91952133178711
2007-06-27,28.91952133178711,29.490856170654297
2007-06-28,29.53557014465332,29.461048126220703
2007-06-29,29.610092163085938,29.386526107788086
2007-07-02,29.485889434814453,29.446144104003906
2007-07-03,29.461048126220703,29.30206871032715
2007-07-05,29.38155746459961,29.634933471679688
2007-07-06,29.634933471679688,29.64487075805664
2007-07-09,29.56041145324707,30.459644317626953
2007-07-10,31.676837921142578,29.58525276184082
2007-07-11,29.580284118652344,29.709455490112305
2007-07-12,29.803850173950195,30.032384872436523
2007-07-13,30.002574920654297,29.888307571411133
2007-07-16,29.639902114868164,29.933021545410156
2007-07-17,29.848562240600586,30.59378433227539
2007-07-18,30.53416633605957,30.61365509033203
2007-07-19,30.77263641357422,30.6981143951416
2007-07-20,30.6981143951416,30.494421005249023
2007-07-23,30.464611053466797,30.50932502746582
2007-07-24,30.305631637573242,30.350345611572266
2007-07-25,30.57887840270996,30.27582359313965
2007-07-26,29.947925567626953,28.74066925048828
2007-07-27,28.676082611083984,28.094810485839844
2007-07-30,28.060033798217773,27.846403121948242
2007-07-31,28.268695831298828,27.662582397460938
2007-08-01,27.573156356811523,28.020288467407227
2007-08-02,28.020288467407227,28.010353088378906
2007-08-03,28.010353088378906,26.803096771240234
2007-08-06,27.011756896972656,26.798128128051758
2007-08-07,26.678892135620117,26.644115447998047
2007-08-08,26.976980209350586,26.321186065673828
2007-08-09,26.03800392150879,24.80093765258789
2007-08-10,23.335336685180664,26.226791381835938
2007-08-13,26.430484771728516,28.651241302490234
2007-08-14,27.453922271728516,27.632774353027344
2007-08-15,26.87761878967285,26.81800079345703
2007-08-16,26.743478775024414,26.703733444213867
2007-08-17,27.498634338378906,27.23035430908203
2007-08-20,27.00678825378418,27.443984985351562
2007-08-21,27.41417694091797,27.145896911621094
2007-08-22,27.23532485961914,27.702327728271484
2007-08-23,27.960670471191406,28.68105125427246
2007-08-24,28.62143325805664,28.62143325805664
2007-08-27,28.566783905029297,28.079906463623047
2007-08-28,27.856340408325195,27.379398345947266
2007-08-29,27.379398345947266,27.67251968383789
2007-08-30,27.573156356811523,27.632774353027344
2007-08-31,27.747041702270508,27.796722412109375
2007-09-04,28.16933250427246,28.601560592651367
2007-09-05,28.25379180908203,28.13455581665039
2007-09-06,28.14449119567871,28.119651794433594
2007-09-07,27.607934951782227,27.493667602539062
2007-09-10,27.607934951782227,27.130992889404297
2007-09-11,26.59443473815918,27.64767837524414
2007-09-12,27.62283706665039,27.493667602539062
2007-09-13,27.697359085083008,27.086278915405273
2007-09-14,26.728574752807617,26.8527774810791
2007-09-17,26.803096771240234,26.783222198486328
2007-09-18,26.967044830322266,27.046533584594727
2007-09-19,27.265132904052734,27.64767837524414
2007-09-20,27.657615661621094,27.62283706665039
2007-09-21,27.955703735351562,27.58806037902832
2007-09-24,27.493667602539062,27.23035430908203
2007-09-25,27.225387573242188,27.906021118164062
2007-09-26,28.293537139892578,28.035192489624023
2007-09-27,28.18423843383789,27.80169105529785
2007-09-28,27.73213768005371,27.771881103515625
2007-10-01,28.12462043762207,28.964235305786133
2007-10-02,28.70589256286621,28.22895050048828
2007-10-03,28.119651794433594,28.268695831298828
2007-10-04,28.377994537353516,27.98054313659668
2007-10-05,28.248823165893555,28.174301147460938
2007-10-08,28.21901512145996,28.14449119567871
2007-10-09,28.43264389038086,28.015321731567383
2007-10-10,28.010353088378906,28.596593856811523
2007-10-11,28.651241302490234,28.844999313354492
2007-10-12,28.835063934326172,29.401430130004883
2007-10-15,29.401430130004883,29.28716468811035
2007-10-16,29.30206871032715,28.835063934326172
2007-10-17,28.85990333557129,28.64627456665039
2007-10-18,28.576719284057617,28.67111587524414
2007-10-19,28.710859298706055,28.293537139892578
2007-10-22,28.199142456054688,28.26372718811035
2007-10-23,28.248823165893555,28.248823165893555
2007-10-24,28.109716415405273,28.084875106811523
2007-10-25,28.238887786865234,27.97060775756836
2007-10-26,28.055065155029297,28.25379180908203
2007-10-29,28.407804489135742,28.27863121032715
2007-10-30,28.21901512145996,28.49226188659668
2007-10-31,28.442581176757812,29.008947372436523
2007-11-01,28.984107971191406,28.164365768432617
2007-11-02,28.22895050048828,27.965639114379883
2007-11-05,27.891117095947266,27.429080963134766
2007-11-06,27.44895362854004,27.771881103515625
2007-11-07,27.548315048217773,26.743478775024414
2007-11-08,26.76831817626953,26.693796157836914
2007-11-09,26.524879455566406,26.410612106323242
2007-11-12,26.261568069458008,25.958511352539062
2007-11-13,26.182079315185547,26.64908218383789
2007-11-14,26.862712860107422,26.251632690429688
2007-11-15,26.0926513671875,25.779659271240234
2007-11-16,25.90386390686035,25.834308624267578
2007-11-19,25.809467315673828,25.59583854675293
2007-11-20,25.710105895996094,25.754819869995117
2007-11-21,25.49150848388672,25.402080535888672
2007-11-23,25.62067985534668,25.496475219726562
2007-11-26,25.551124572753906,25.029470443725586
2007-11-27,25.13380241394043,25.51137924194336
2007-11-28,25.615711212158203,25.938640594482422
2007-11-29,25.78462791442871,26.137365341186523
2007-11-30,26.505006790161133,26.241695404052734
2007-12-03,26.08271598815918,26.062843322753906
2007-12-04,25.90386390686035,25.705137252807617
2007-12-05,25.789596557617188,26.44042205810547
2007-12-06,26.430484771728516,26.64908218383789
2007-12-07,26.64908218383789,26.644115447998047
2007-12-10,26.683860778808594,26.73354148864746
2007-12-11,26.723604202270508,26.167173385620117
2007-12-12,26.723604202270508,26.12742805480957
2007-12-13,25.948575973510742,26.097620010375977
2007-12-14,25.963481903076172,25.600807189941406
2007-12-17,25.541189193725586,25.253036499023438
2007-12-18,25.471635818481445,25.541189193725586
2007-12-19,25.59583854675293,25.163610458374023
2007-12-20,25.337495803833008,25.228195190429688
2007-12-21,25.585901260375977,25.764755249023438
2007-12-24,25.6802978515625,25.8939266204834
2007-12-26,25.8939266204834,25.14373779296875
2007-12-27,25.3673038482666,24.646923065185547
2007-12-28,25.034439086914062,24.761192321777344
2007-12-31,24.632020950317383,24.57737159729004
2008-01-02,24.512784957885742,23.573806762695312
2008-01-03,23.86195945739746,22.451007843017578
2008-01-04,22.27215576171875,21.87967300415039
2008-01-07,22.038652420043945,21.740564346313477
2008-01-08,21.745532989501953,20.935726165771484
2008-01-09,20.900949478149414,20.180570602416992
2008-01-10,20.071271896362305,20.592924118041992
2008-01-11,20.344518661499023,20.433944702148438
2008-01-14,20.558147430419922,20.205411911010742
2008-01-15,19.882482528686523,19.430381774902344
2008-01-16,19.301210403442383,19.499935150146484
2008-01-17,19.519807815551758,19.31611442565918
2008-01-18,19.51483917236328,19.534711837768555
2008-01-22,18.62554359436035,19.181974411010742
2008-01-23,18.645416259765625,19.122356414794922
2008-01-24,19.241592407226562,19.475095748901367
2008-01-25,19.678787231445312,19.69866180419922
2008-01-28,19.783119201660156,19.817895889282227
2008-01-29,19.8377685546875,20.205411911010742
2008-01-30,20.081207275390625,20.185537338256836
2008-01-31,19.90732192993164,21.0251522064209
2008-02-01,20.995344161987305,20.935726165771484
2008-02-04,20.90591812133789,20.910886764526367
2008-02-05,21.303369522094727,22.172792434692383
2008-02-06,22.336740493774414,21.49712562561035
2008-02-07,21.338146209716797,21.646169662475586
2008-02-08,21.447444915771484,21.695850372314453
2008-02-11,21.730627059936523,22.073429107666016
2008-02-12,22.257251739501953,21.94922637939453
2008-02-13,22.073429107666016,22.311899185180664
2008-02-14,22.27215576171875,22.088333129882812
2008-02-15,22.0485897064209,22.311899185180664
2008-02-19,22.53546714782715,22.321836471557617
2008-02-20,22.172792434692383,22.565275192260742
2008-02-21,22.600051879882812,22.22247314453125
2008-02-22,22.326805114746094,22.451007843017578
2008-02-25,22.540435791015625,22.704383850097656
2008-02-26,22.575212478637695,22.86336326599121
2008-02-27,22.739160537719727,23.12667465209961
2008-02-28,23.012407302856445,22.17776107788086
2008-02-29,21.81011962890625,21.586551666259766
2008-03-03,21.412668228149414,21.477252960205078
2008-03-04,21.293432235717773,21.700820922851562
2008-03-05,21.60642433166504,21.71572494506836
2008-03-06,21.680946350097656,21.338146209716797
2008-03-07,21.13445281982422,20.62273406982422
2008-03-10,20.66744613647461,20.493562698364258
2008-03-11,20.910886764526367,20.89598274230957
2008-03-12,20.980440139770508,20.741968154907227
2008-03-13,20.433944702148438,20.36935806274414
2008-03-14,20.438913345336914,20.433944702148438
2008-03-17,20.30974006652832,19.80299186706543
2008-03-18,20.046430587768555,20.28986930847168
2008-03-19,20.3494873046875,20.031526565551758
2008-03-20,20.056365966796875,20.27496337890625
2008-03-24,20.3494873046875,21.089738845825195
2008-03-25,20.995344161987305,20.662479400634766
2008-03-26,20.51343536376953,20.51343536376953
2008-03-27,20.672414779663086,20.25509262084961
2008-03-28,20.438913345336914,20.269996643066406
2008-03-31,20.225282669067383,20.26502799987793
2008-04-01,20.42897605895996,20.945663452148438
2008-04-02,20.995344161987305,21.0102481842041
2008-04-03,20.781713485717773,20.707191467285156
2008-04-04,20.82145881652832,20.503498077392578
2008-04-07,20.399168014526367,20.617765426635742
2008-04-08,20.602861404418945,20.791650772094727
2008-04-09,20.841331481933594,20.65751075744629
2008-04-10,20.756874084472656,20.796619415283203
2008-04-11,20.712160110473633,20.503498077392578
2008-04-14,20.458786010742188,20.62273406982422
2008-04-15,20.69228744506836,20.642606735229492
2008-04-16,20.781713485717773,21.114580154418945
2008-04-17,21.124515533447266,21.14438819885254
2008-04-18,21.422603607177734,21.919418334960938
2008-04-21,21.81011962890625,21.730627059936523
2008-04-22,21.601457595825195,21.040056228637695
2008-04-23,21.079803466796875,21.507062911987305
2008-04-24,21.616361618041992,22.003875732421875
2008-04-25,22.053556442260742,21.9840030670166
2008-04-28,21.91444969177246,21.944257736206055
2008-04-29,21.969099044799805,22.02374839782715
2008-04-30,22.028717041015625,21.65610694885254
2008-05-01,21.66604232788086,22.451007843017578
2008-05-02,22.684511184692383,22.34170913696289
2008-05-05,22.182729721069336,22.346677780151367
2008-05-06,22.02374839782715,22.35164451599121
2008-05-07,22.182729721069336,21.993940353393555
2008-05-08,21.149356842041016,21.765405654907227
2008-05-09,21.59648895263672,21.63126564025879
2008-05-12,21.710756301879883,23.568838119506836
2008-05-13,23.414827346801758,22.868331909179688
2008-05-14,23.052152633666992,23.370113372802734
2008-05-15,23.429731369018555,23.693042755126953
2008-05-16,23.688074111938477,23.57877540588379
2008-05-19,23.568838119506836,23.71788215637207
2008-05-20,23.568838119506836,23.4197940826416
2008-05-21,23.608583450317383,23.36017608642578
2008-05-22,22.654701232910156,23.941448211669922
2008-05-23,23.847055435180664,23.797372817993164
2008-05-27,23.847055435180664,24.150110244750977
2008-05-28,24.19482421875,24.105398178100586
2008-05-29,24.120302200317383,24.41839027404785
2008-05-30,24.666797637939453,24.41839027404785
2008-06-02,24.199792861938477,23.876863479614258
2008-06-03,24.07558822631836,24.140174865722656
2008-06-04,23.9960994720459,23.89673614501953
2008-06-05,24.249473571777344,24.269346237182617
2008-06-06,24.756223678588867,24.304122924804688
2008-06-09,24.373676300048828,23.737756729125977
2008-06-10,23.300559997558594,23.702978134155273
2008-06-11,23.310495376586914,23.529094696044922
2008-06-12,23.558902740478516,23.206165313720703
2008-06-13,23.404890060424805,23.747692108154297
2008-06-16,23.51915740966797,23.663232803344727
2008-06-17,23.727819442749023,23.668201446533203
2008-06-18,23.58871078491211,23.722850799560547
2008-06-19,23.663232803344727,24.055715560913086
2008-06-20,23.86195945739746,23.737756729125977
2008-06-23,23.852022171020508,23.787437438964844
2008-06-24,23.61355209350586,23.489349365234375
2008-06-25,23.58871078491211,23.92157745361328
2008-06-26,23.558902740478516,23.355209350585938
2008-06-27,23.365144729614258,23.275718688964844
2008-06-30,23.355209350585938,23.270751953125
2008-07-01,23.136611938476562,23.449604034423828
2008-07-02,23.4694766998291,23.534061431884766
2008-07-03,23.688074111938477,23.807308197021484
2008-07-07,23.668201446533203,23.822214126586914
2008-07-08,23.678138732910156,24.16004753112793
2008-07-09,24.13520622253418,23.77750015258789
2008-07-10,23.82718276977539,23.678138732910156
2008-07-11,23.399921417236328,23.04221534729004
2008-07-14,21.586551666259766,22.053556442260742
2008-07-15,21.839927673339844,21.988971710205078
2008-07-16,21.899545669555664,22.5106258392334
2008-07-17,22.585147857666016,23.04718589782715
2008-07-18,23.04221534729004,22.94782257080078
2008-07-21,22.992534637451172,22.833555221557617
2008-07-22,22.714319229125977,23.62348747253418
2008-07-23,23.698009490966797,24.26437759399414
2008-07-24,24.25444221496582,23.166419982910156
2008-07-25,23.389986038208008,23.270751953125
2008-07-28,23.260814666748047,22.813682556152344
2008-07-29,22.609989166259766,23.429731369018555
2008-07-30,23.548965454101562,23.911640167236328
2008-07-31,23.847055435180664,23.534061431884766
2008-08-01,23.49431610107422,23.30552864074707
2008-08-04,23.235973358154297,23.166419982910156
2008-08-05,23.37508201599121,23.74272346496582
2008-08-06,22.823617935180664,22.729223251342773
2008-08-07,22.525529861450195,22.62986183166504
2008-08-08,22.356613159179688,23.111770629882812
2008-08-11,22.977630615234375,22.739160537719727
2008-08-12,22.808713912963867,23.037248611450195
2008-08-13,23.10183334350586,23.698009490966797
2008-08-14,23.51915740966797,24.353803634643555
2008-08-15,24.353803634643555,24.080556869506836
2008-08-18,24.00603485107422,23.653297424316406
2008-08-19,23.653297424316406,23.12667465209961
2008-08-20,23.121707916259766,23.191261291503906
2008-08-21,22.85342788696289,23.4843807220459
2008-08-22,23.4843807220459,23.817245483398438
2008-08-25,23.737756729125977,23.499284744262695
2008-08-26,23.449604034423828,23.414827346801758
2008-08-27,23.320432662963867,23.568838119506836
2008-08-28,23.668201446533203,23.9315128326416
2008-08-29,23.782468795776367,23.365144729614258
2008-09-02,23.45953941345215,22.808713912963867
2008-09-03,22.719287872314453,22.60502052307129
2008-09-04,22.530498504638672,22.018779754638672
2008-09-05,21.72566032409668,21.969099044799805
2008-09-08,22.465913772583008,22.585147857666016
2008-09-09,22.669605255126953,21.919418334960938
2008-09-10,22.157888412475586,22.12807846069336
2008-09-11,21.899545669555664,22.28209114074707
2008-09-12,22.078397750854492,22.41126251220703
2008-09-15,21.869735717773438,21.76043701171875
2008-09-16,21.412668228149414,21.685914993286133
2008-09-17,21.29840087890625,20.448848724365234
2008-09-18,20.75190544128418,21.174196243286133
2008-09-19,20.77674674987793,21.626298904418945
2008-09-22,21.23878288269043,20.732032775878906
2008-09-23,20.980440139770508,20.493562698364258
2008-09-24,20.443880081176758,20.652542114257812
2008-09-25,20.8115234375,20.955598831176758
2008-09-26,20.558147430419922,20.970504760742188
2008-09-29,20.68235206604004,19.653947830200195
2008-09-30,19.92222785949707,19.96693992614746
2008-10-01,19.87254524230957,19.882482528686523
2008-10-02,19.693693161010742,19.206815719604492
2008-10-03,19.375732421875,18.337390899658203
2008-10-06,17.964780807495117,17.28911590576172
2008-10-07,17.448095321655273,16.52402114868164
2008-10-08,16.09676170349121,16.16631507873535
2008-10-09,16.449499130249023,15.242241859436035
2008-10-10,14.745429039001465,14.700715065002441
2008-10-13,15.431032180786133,16.13153839111328
2008-10-14,16.6680965423584,16.673065185546875
2008-10-15,16.260709762573242,15.580076217651367
2008-10-16,15.604915618896484,16.161348342895508
2008-10-17,15.932812690734863,15.704278945922852
2008-10-20,15.724151611328125,16.40478515625
2008-10-21,16.116634368896484,15.942749977111816
2008-10-22,15.495616912841797,13.692184448242188
2008-10-23,13.721993446350098,13.811418533325195
2008-10-24,12.892313957214355,13.717023849487305
2008-10-27,13.523266792297363,13.488490104675293
2008-10-28,13.9207181930542,14.983899116516113
2008-10-29,15.06338882446289,13.900845527648926
2008-10-30,14.313200950622559,14.213837623596191
2008-10-31,14.323137283325195,14.983899116516113
2008-11-03,15.654598236083984,15.748991966247559
2008-11-04,16.04707908630371,16.38491439819336
2008-11-05,16.196125030517578,15.431032180786133
2008-11-06,15.291924476623535,14.795109748840332
2008-11-07,14.954090118408203,15.262114524841309
2008-11-10,15.555234909057617,15.152815818786621
2008-11-11,14.939186096191406,14.621225357055664
2008-11-12,14.347977638244629,13.89587688446045
2008-11-13,13.697152137756348,15.192561149597168
2008-11-14,14.909377098083496,14.174093246459961
2008-11-17,13.975367546081543,13.831292152404785
2008-11-18,13.786578178405762,13.885940551757812
2008-11-19,13.851163864135742,13.021485328674316
2008-11-20,12.971803665161133,12.12722110748291
2008-11-21,12.03779411315918,12.917155265808105
2008-11-24,13.125816345214844,13.210274696350098
2008-11-25,13.418935775756836,13.389126777648926
2008-11-26,13.13575267791748,13.418935775756836
2008-11-28,13.324542045593262,13.841227531433105
2008-12-01,13.56797981262207,12.65881061553955
2008-12-02,12.862504959106445,13.741865158081055
2008-12-03,13.314604759216309,14.169124603271484
2008-12-04,13.970398902893066,13.68224811553955
2008-12-05,13.523266792297363,14.323137283325195
2008-12-08,14.621225357055664,15.018675804138184
2008-12-09,14.944153785705566,14.859696388244629
2008-12-10,14.993836402893066,15.162752151489258
2008-12-11,15.02364444732666,15.0931978225708
2008-12-12,14.755365371704102,15.565171241760254
2008-12-15,15.565171241760254,15.45587158203125
2008-12-16,15.624789237976074,16.091793060302734
2008-12-17,15.893068313598633,16.280582427978516
2008-12-18,16.35013771057129,16.767459869384766
2008-12-19,16.861854553222656,16.469371795654297
2008-12-22,16.484275817871094,16.26567840576172
2008-12-23,16.54886245727539,15.659565925598145
2008-12-24,15.773833274841309,15.808609962463379
2008-12-26,15.888099670410156,16.121601104736328
2008-12-29,16.121601104736328,16.55879783630371
2008-12-30,16.732683181762695,16.841981887817383
2008-12-31,16.88172721862793,17.458030700683594
2009-01-02,17.621980667114258,18.431785583496094
2009-01-05,18.242996215820312,18.660320281982422
2009-01-06,18.82923698425293,19.6390438079834
2009-01-07,19.485031127929688,18.824268341064453
2009-01-08,18.70006561279297,18.277774810791016
2009-01-09,18.30758285522461,18.064144134521484
2009-01-12,18.133697509765625,17.91510009765625
2009-01-13,17.939939498901367,18.54108428955078
2009-01-14,18.347328186035156,17.73624610900879
2009-01-15,17.76108741760254,18.21318817138672
2009-01-16,18.491403579711914,18.372167587280273
2009-01-20,17.944908142089844,17.482872009277344
2009-01-21,17.711406707763672,18.21318817138672
2009-01-22,17.86541748046875,18.228092193603516
2009-01-23,17.88032341003418,17.860450744628906
2009-01-26,17.98465347290039,18.228092193603516
2009-01-27,18.218156814575195,18.77955436706543
2009-01-28,19.037899017333984,19.107452392578125
2009-01-29,19.057771682739258,18.292678833007812
2009-01-30,18.387073516845703,18.302614212036133
2009-02-02,18.6156063079834,18.70006561279297
2009-02-03,18.352296829223633,19.1124210357666
2009-02-04,19.181974411010742,18.878917694091797
2009-02-05,18.764650344848633,19.271400451660156
2009-02-06,19.29127311706543,20.07623863220215
2009-02-09,20.106048583984375,20.006685256958008
2009-02-10,19.986812591552734,19.286304473876953
2009-02-11,19.822864532470703,20.016620635986328
2009-02-12,19.678787231445312,19.728469848632812
2009-02-13,19.728469848632812,19.663883209228516
2009-02-17,19.206815719604492,18.859046936035156
2009-02-18,18.948471069335938,18.81930160522461
2009-02-19,18.81930160522461,18.30758285522461
2009-02-20,17.964780807495117,18.2032527923584
2009-02-23,18.27280616760254,17.477903366088867
2009-02-24,17.661724090576172,17.850513458251953
2009-02-25,17.746183395385742,17.398414611816406
2009-02-26,17.621980667114258,17.115230560302734
2009-02-27,16.936376571655273,17.259305953979492
2009-03-02,16.94134521484375,16.98605728149414
2009-03-03,17.194719314575195,16.971153259277344
2009-03-04,17.120197296142578,17.999557495117188
2009-03-05,17.656757354736328,16.981090545654297
2009-03-06,16.961217880249023,16.315359115600586
2009-03-09,16.10669708251953,15.93778133392334
2009-03-10,15.848355293273926,16.2060604095459
2009-03-11,16.330263137817383,16.533958435058594
2009-03-12,16.469371795654297,17.423254013061523
2009-03-13,17.448095321655273,17.58223533630371
2009-03-16,17.73624610900879,17.080453872680664
2009-03-17,17.159942626953125,17.537521362304688
2009-03-18,17.572298049926758,17.95981216430664
2009-03-19,17.930004119873047,17.597139358520508
2009-03-20,17.66669273376465,17.33382797241211
2009-03-23,17.70146942138672,18.575862884521484
2009-03-24,18.347328186035156,18.118793487548828
2009-03-25,18.183378219604492,18.242996215820312
2009-03-26,18.372167587280273,18.77955436706543
2009-03-27,18.49637222290039,18.093952178955078
2009-03-30,17.76108741760254,18.22312355041504
2009-03-31,18.292678833007812,18.302614212036133
2009-04-01,18.07904815673828,18.670255661010742
2009-04-02,19.067707061767578,19.494966506958008
2009-04-03,19.460189819335938,19.947067260742188
2009-04-06,20.125919342041016,19.758277893066406
2009-04-07,19.529743194580078,19.29127311706543
2009-04-08,18.560956954956055,18.888853073120117
2009-04-09,19.1273250579834,19.415477752685547
2009-04-13,19.216751098632812,19.08757972717285
2009-04-14,18.938535690307617,18.739810943603516
2009-04-15,18.824268341064453,18.501340866088867
2009-04-16,18.466562271118164,18.660320281982422
2009-04-17,18.670255661010742,18.868982315063477
2009-04-20,18.610639572143555,18.297645568847656
2009-04-21,18.208219528198242,18.46159553527832
2009-04-22,18.312551498413086,18.30758285522461
2009-04-23,18.262868881225586,18.302614212036133
2009-04-24,18.392040252685547,18.416881561279297
2009-04-27,18.19828224182129,18.352296829223633
2009-04-28,18.228092193603516,18.501340866088867
2009-04-29,18.670255661010742,19.132293701171875
2009-04-30,19.003122329711914,18.362232208251953
2009-05-01,18.37713623046875,18.431785583496094
2009-05-04,18.580829620361328,18.8143310546875
2009-05-05,18.81930160522461,18.774587631225586
2009-05-06,18.943504333496094,18.98324966430664
2009-05-07,19.10248374938965,18.67522430419922
2009-05-08,18.80439567565918,18.620574951171875
2009-05-11,18.42681884765625,18.64044761657715
2009-05-12,18.75968360900879,18.580829620361328
2009-05-13,18.387073516845703,17.95981216430664
2009-05-14,17.994590759277344,18.118793487548828
2009-05-15,18.118793487548828,18.029367446899414
2009-05-18,18.1535701751709,18.486434936523438
2009-05-19,18.43675422668457,18.441722869873047
2009-05-20,18.551021575927734,18.456626892089844
2009-05-21,19.07764434814453,19.847705841064453
2009-05-22,19.847705841064453,19.75330924987793
2009-05-26,19.76821517944336,20.925790786743164
2009-05-27,20.851268768310547,20.791650772094727
2009-05-28,21.089738845825195,20.761842727661133
2009-05-29,20.722097396850586,21.094707489013672
2009-06-01,21.189102172851562,21.934322357177734
2009-06-02,21.84489631652832,21.780309677124023
2009-06-03,21.745532989501953,21.526935577392578
2009-06-04,21.57164764404297,21.720691680908203
2009-06-05,21.82999038696289,21.825023651123047
2009-06-08,21.75050163269043,21.77534294128418
2009-06-09,21.884641647338867,21.705787658691406
2009-06-10,21.859800338745117,21.869735717773438
2009-06-11,21.88960838317871,22.17776107788086
2009-06-12,22.38642120361328,22.35164451599121
2009-06-15,22.113174438476562,21.988971710205078
2009-06-16,22.12807846069336,21.69088363647461
2009-06-17,21.705787658691406,22.073429107666016
2009-06-18,22.157888412475586,22.202600479125977
2009-06-19,22.311899185180664,21.80514907836914
2009-06-22,21.720691680908203,21.20400619506836
2009-06-23,21.348081588745117,21.154325485229492
2009-06-24,21.372922897338867,21.39279556274414
2009-06-25,21.288463592529297,21.516998291015625
2009-06-26,21.457380294799805,21.675979614257812
2009-06-29,21.651138305664062,21.909481048583984
2009-06-30,21.92438507080078,22.00884437561035
2009-07-01,22.088333129882812,22.207569122314453
2009-07-02,22.10820770263672,21.76043701171875
2009-07-06,21.76043701171875,21.705787658691406
2009-07-07,21.720691680908203,21.218910217285156
2009-07-08,21.223878860473633,20.955598831176758
2009-07-09,21.13445281982422,21.19407081604004
2009-07-10,21.079803466796875,21.199037551879883
2009-07-13,21.208974838256836,21.586551666259766
2009-07-14,21.56171226501465,21.72566032409668
2009-07-15,21.65610694885254,22.147951126098633
2009-07-16,22.028717041015625,22.565275192260742
2009-07-17,22.53546714782715,22.550371170043945
2009-07-20,22.63979721069336,22.838523864746094
2009-07-21,23.05712127685547,23.18629264831543
2009-07-22,22.85342788696289,23.06705665588379
2009-07-23,23.04221534729004,23.380050659179688
2009-07-24,23.151514053344727,23.265783309936523
2009-07-27,23.28068733215332,23.265783309936523
2009-07-28,23.285654067993164,23.70794677734375
2009-07-29,23.678138732910156,23.822214126586914
2009-07-30,23.98119354248047,24.085525512695312
2009-07-31,24.04081153869629,23.9315128326416
2009-08-03,24.18488883972168,24.150110244750977
2009-08-04,24.155078887939453,24.224632263183594
2009-08-05,24.26437759399414,24.110366821289062
2009-08-06,24.130237579345703,24.16998291015625
2009-08-07,24.473039627075195,24.567434310913086
2009-08-10,24.522720336914062,24.701574325561523
2009-08-11,24.651893615722656,24.328964233398438
2009-08-12,24.368709564208984,24.815841674804688
2009-08-13,24.840681076049805,24.95494842529297
2009-08-14,24.890363693237305,24.671764373779297
2009-08-17,24.502849578857422,24.105398178100586
2009-08-18,24.269346237182617,24.070621490478516
2009-08-19,23.82718276977539,24.373676300048828
2009-08-20,24.413421630859375,24.279281616210938
2009-08-21,24.29915428161621,24.68170166015625
2009-08-24,24.761192321777344,24.676733016967773
2009-08-25,24.840681076049805,24.81087303161621
2009-08-26,24.935075759887695,24.890363693237305
2009-08-27,24.890363693237305,24.721446990966797
2009-08-28,24.949981689453125,24.676733016967773
2009-08-31,24.58730697631836,24.269346237182617
2009-09-01,24.199792861938477,23.77750015258789
2009-09-02,23.568838119506836,23.534061431884766
2009-09-03,23.61355209350586,23.817245483398438
2009-09-04,23.92157745361328,24.115333557128906
2009-09-08,24.338899612426758,24.199792861938477
2009-09-09,24.319026947021484,24.522720336914062
2009-09-10,24.59724235534668,24.840681076049805
2009-09-11,24.915203094482422,25.282846450805664
2009-09-14,25.531253814697266,25.769723892211914
2009-09-15,25.635583877563477,25.744882583618164
2009-09-16,25.78462791442871,26.29634666442871
2009-09-17,26.17711067199707,25.958511352539062
2009-09-18,26.02309799194336,26.033035278320312
2009-09-21,25.938640594482422,25.898895263671875
2009-09-22,26.132396697998047,25.834308624267578
2009-09-23,25.85418128967285,25.69023323059082
2009-09-24,25.829341888427734,25.4318904876709
2009-09-25,25.347431182861328,25.233165740966797
2009-09-28,25.839277267456055,26.430484771728516
2009-09-29,26.4056453704834,26.455326080322266
2009-09-30,26.599401473999023,26.18704605102539
2009-10-01,26.167173385620117,25.531253814697266
2009-10-02,25.362335205078125,25.208324432373047
2009-10-05,25.282846450805664,25.45673179626465
2009-10-06,25.059280395507812,25.71507453918457
2009-10-07,25.754819869995117,25.615711212158203
2009-10-08,25.744882583618164,26.062843322753906
2009-10-09,26.052907943725586,26.087684631347656
2009-10-12,26.29634666442871,26.192014694213867
2009-10-13,26.11749267578125,26.192014694213867
2009-10-14,26.73354148864746,27.02169418334961
2009-10-15,26.981948852539062,26.574560165405273
2009-10-16,26.45035743713379,26.36590003967285
2009-10-19,26.480167388916016,26.659019470214844
2009-10-20,26.76831817626953,26.360931396484375
2009-10-21,26.162206649780273,26.18704605102539
2009-10-22,26.162206649780273,26.385772705078125
2009-10-23,26.589466094970703,25.72500991821289
2009-10-26,25.774690628051758,25.546157836914062
2009-10-27,25.546157836914062,25.377241134643555
2009-10-28,25.337495803833008,24.94501304626465
2009-10-29,25.079151153564453,25.46666717529297
2009-10-30,25.412017822265625,25.193418502807617
2009-11-02,25.317623138427734,25.258005142211914
2009-11-03,25.188451766967773,25.4318904876709
2009-11-04,25.421953201293945,25.56106185913086
2009-11-05,25.789596557617188,26.182079315185547
2009-11-06,25.943607330322266,26.132396697998047
2009-11-09,26.291378021240234,26.90245819091797
2009-11-10,26.773286819458008,26.728574752807617
2009-11-11,26.917362213134766,27.12602424621582
2009-11-12,26.400676727294922,26.783222198486328
2009-11-13,26.748445510864258,26.808063507080078
2009-11-16,26.728574752807617,27.3297176361084
2009-11-17,27.344623565673828,27.404239654541016
2009-11-18,27.384368896484375,27.319782257080078
2009-11-19,27.1160888671875,27.05647087097168
2009-11-20,27.190610885620117,26.991884231567383
2009-11-23,27.28003692626953,27.488697052001953
2009-11-24,27.359527587890625,27.409208297729492
2009-11-25,27.523475646972656,27.528444290161133
2009-11-27,26.947172164916992,26.957107543945312
2009-11-30,26.932266235351562,27.478761672973633
2009-12-01,27.632774353027344,27.60296630859375
2009-12-02,27.652647018432617,27.687423706054688
2009-12-03,27.811626434326172,27.38933563232422
2009-12-04,27.73213768005371,27.67251968383789
2009-12-07,27.717233657836914,27.642711639404297
2009-12-08,27.463857650756836,27.349590301513672
2009-12-09,27.30487632751465,27.513538360595703
2009-12-10,27.607934951782227,27.68245506286621
2009-12-11,27.821563720703125,27.712265014648438
2009-12-14,27.930862426757812,28.045129776000977
2009-12-15,28.000417709350586,27.85137176513672
2009-12-16,27.915958404541016,28.025257110595703
2009-12-17,27.752010345458984,27.756977081298828
2009-12-18,27.990480422973633,27.67251968383789
2009-12-21,27.68245506286621,27.891117095947266
2009-12-22,28.189205169677734,28.238887786865234
2009-12-23,28.31340980529785,28.626401901245117
2009-12-24,28.745637893676758,28.785381317138672
2009-12-28,28.77544593811035,28.879777908325195
2009-12-29,28.994043350219727,28.79034996032715
2009-12-30,28.686019897460938,28.869840621948242
2009-12-31,28.854936599731445,28.581687927246094
2010-01-04,28.785381317138672,28.686019897460938
2010-01-05,28.745637893676758,28.676082611083984
2010-01-06,28.695955276489258,28.780414581298828
2010-01-07,28.616464614868164,28.49226188659668
2010-01-08,28.417739868164062,28.417739868164062
2010-01-11,28.462453842163086,28.243854522705078
2010-01-12,28.139524459838867,27.93583106994629
2010-01-13,27.950735092163086,28.22895050048828
2010-01-14,28.258760452270508,28.323345184326172
2010-01-15,28.273664474487305,27.80169105529785
2010-01-19,27.74207305908203,28.323345184326172
2010-01-20,28.09977912902832,28.06500244140625
2010-01-21,28.055065155029297,27.319782257080078
2010-01-22,27.275068283081055,26.445390701293945
2010-01-25,26.549720764160156,26.430484771728516
2010-01-26,26.400676727294922,26.201950073242188
2010-01-27,26.192014694213867,26.04793930053711
2010-01-28,26.182079315185547,25.90386390686035
2010-01-29,26.062843322753906,25.486539840698242
2010-02-01,25.635583877563477,26.087684631347656
2010-02-02,26.05787467956543,26.360931396484375
2010-02-03,26.27150535583496,26.266536712646484
2010-02-04,26.062843322753906,25.481571197509766
2010-02-05,25.496475219726562,25.516347885131836
2010-02-08,25.859149932861328,25.675329208374023
2010-02-09,25.908830642700195,26.08271598815918
2010-02-10,26.659019470214844,25.898895263671875
2010-02-11,25.824373245239258,25.948575973510742
2010-02-12,25.705137252807617,25.471635818481445
2010-02-16,25.625646591186523,25.92870330810547
2010-02-17,25.97838592529297,25.859149932861328
2010-02-18,25.859149932861328,25.983352661132812
2010-02-19,25.898895263671875,26.05787467956543
2010-02-22,25.874053955078125,25.983352661132812
2010-02-23,25.95354461669922,25.923736572265625
2010-02-24,25.95354461669922,25.78462791442871
2010-02-25,25.446794509887695,25.53622055053711
2010-02-26,25.506412506103516,25.729978561401367
2010-03-01,25.72500991821289,26.05787467956543
2010-03-02,26.132396697998047,26.112525939941406
2010-03-03,26.216856002807617,25.98832130432129
2010-03-04,25.968448638916016,25.829341888427734
2010-03-05,25.938640594482422,26.311250686645508
2010-03-08,26.276472091674805,26.4056453704834
2010-03-09,26.33112335205078,26.47519874572754
2010-03-10,26.514944076538086,26.609338760375977
2010-03-11,26.480167388916016,26.62921142578125
2010-03-12,26.62921142578125,26.554689407348633
2010-03-15,26.505006790161133,26.619274139404297
2010-03-16,26.68882942199707,26.659019470214844
2010-03-17,26.668956756591797,27.016725540161133
2010-03-18,27.036598205566406,27.046533584594727
2010-03-19,27.106151580810547,27.106151580810547
2010-03-22,26.912395477294922,27.33965492248535
2010-03-23,27.434049606323242,27.538379669189453
2010-03-24,27.463857650756836,27.265132904052734
2010-03-25,27.334686279296875,27.23035430908203
2010-03-26,27.265132904052734,27.1160888671875
2010-03-29,27.190610885620117,27.309846878051758
2010-03-30,27.324750900268555,27.319782257080078
2010-03-31,27.170738220214844,27.071374893188477
2010-04-01,26.932266235351562,26.95214080810547
2010-04-05,26.47519874572754,26.847808837890625
2010-04-06,26.668956756591797,26.773286819458008
2010-04-07,26.728574752807617,26.713668823242188
2010-04-08,26.599401473999023,26.659019470214844
2010-04-09,26.743478775024414,27.081310272216797
2010-04-12,27.061439514160156,27.23532485961914
2010-04-13,27.265132904052734,27.28003692626953
2010-04-14,27.334686279296875,27.593029022216797
2010-04-15,27.548315048217773,27.67251968383789
2010-04-16,27.62283706665039,27.42411231994629
2010-04-19,27.309846878051758,27.250228881835938
2010-04-20,27.384368896484375,27.434049606323242
2010-04-21,27.523475646972656,27.463857650756836
2010-04-22,27.275068283081055,27.493667602539062
2010-04-23,27.453922271728516,27.627805709838867
2010-04-26,27.597997665405273,27.53341293334961
2010-04-27,27.374431610107422,26.887554168701172
2010-04-28,27.00678825378418,26.574560165405273
2010-04-29,26.69876480102539,26.693796157836914
2010-04-30,26.738510131835938,26.028066635131836
2010-05-03,26.241695404052734,25.79456329345703
2010-05-04,25.590869903564453,25.337495803833008
2010-05-05,25.059280395507812,25.317623138427734
2010-05-06,25.302717208862305,24.974821090698242
2010-05-07,25.019535064697266,24.632020950317383
2010-05-10,25.814437866210938,25.4169864654541
2010-05-11,25.13380241394043,25.282846450805664
2010-05-12,25.317623138427734,25.74985122680664
2010-05-13,25.739913940429688,25.471635818481445
2010-05-14,25.372272491455078,24.766159057617188
2010-05-17,24.77609634399414,24.77609634399414
2010-05-18,24.89533042907715,24.512784957885742
2010-05-19,24.502849578857422,24.398517608642578
2010-05-20,24.343868255615234,23.787437438964844
2010-05-21,23.539030075073242,24.711509704589844
2010-05-24,24.54259490966797,24.25444221496582
2010-05-25,23.70794677734375,23.95635414123535
2010-05-26,24.050748825073242,24.115333557128906
2010-05-27,24.51775360107422,24.761192321777344
2010-05-28,24.805904388427734,24.83571434020996
2010-06-01,24.57737159729004,23.817245483398438
2010-06-02,23.95635414123535,24.617116928100586
2010-06-03,24.701574325561523,24.969852447509766
2010-06-04,24.507816314697266,23.737756729125977
2010-06-07,23.757627487182617,23.524126052856445
2010-06-08,23.51915740966797,23.842086791992188
2010-06-09,23.951385498046875,23.812278747558594
2010-06-10,24.16998291015625,24.56246566772461
2010-06-11,24.199792861938477,24.463102340698242
2010-06-14,24.696605682373047,24.393550872802734
2010-06-15,24.473039627075195,24.935075759887695
2010-06-16,24.731382369995117,25.044374465942383
2010-06-17,25.04934310913086,25.337495803833008
2010-06-18,25.33252716064453,25.103992462158203
2010-06-21,25.421953201293945,24.974821090698242
2010-06-22,24.97978973388672,24.547561645507812
2010-06-23,24.487943649291992,24.373676300048828
2010-06-24,24.314058303833008,23.77750015258789
2010-06-25,23.866926193237305,23.80234146118164
2010-06-28,23.86195945739746,23.598648071289062
2010-06-29,23.320432662963867,22.634828567504883
2010-06-30,22.4957218170166,22.480817794799805
2010-07-01,22.465913772583008,22.167823791503906
2010-07-02,22.21253776550293,21.909481048583984
2010-07-06,22.053556442260742,21.710756301879883
2010-07-07,21.800182342529297,22.480817794799805
2010-07-08,22.609989166259766,22.530498504638672
2010-07-09,22.540435791015625,22.68947982788086
2010-07-12,22.63979721069336,22.788841247558594
2010-07-13,22.992534637451172,23.355209350585938
2010-07-14,23.211132049560547,23.201196670532227
2010-07-15,23.191261291503906,23.206165313720703
2010-07-16,23.086929321289062,22.505657196044922
2010-07-19,22.619924545288086,22.89813995361328
2010-07-20,22.530498504638672,22.942853927612305
2010-07-21,23.09189796447754,22.416231155395508
2010-07-22,22.694446563720703,23.052152633666992
2010-07-23,22.97266387939453,23.240942001342773
2010-07-26,23.250877380371094,23.25584602355957
2010-07-27,23.399921417236328,23.04718589782715
2010-07-28,22.942853927612305,23.002471923828125
2010-07-29,23.10183334350586,22.441072463989258
2010-07-30,22.296995162963867,22.52056121826172
2010-08-02,22.858394622802734,23.04221534729004
2010-08-03,23.002471923828125,22.868331909179688
2010-08-04,22.91304588317871,23.00743865966797
2010-08-05,22.808713912963867,23.037248611450195
2010-08-06,22.85342788696289,22.878267288208008
2010-08-09,22.9577579498291,23.141578674316406
2010-08-10,22.962726593017578,23.072025299072266
2010-08-11,22.654701232910156,21.800182342529297
2010-08-12,21.581584930419922,21.10961151123047
2010-08-13,21.03508949279785,20.886045455932617
2010-08-16,20.806554794311523,20.990375518798828
2010-08-17,21.189102172851562,21.069866180419922
2010-08-18,21.174196243286133,21.054962158203125
2010-08-19,20.94069480895996,20.87114143371582
2010-08-20,20.68235206604004,20.876108169555664
2010-08-23,20.94069480895996,20.443880081176758
2010-08-24,20.096111297607422,20.0861759185791
2010-08-25,19.952035903930664,19.92222785949707
2010-08-26,20.011653900146484,19.927194595336914
2010-08-27,20.066303253173828,20.25509262084961
2010-08-30,20.125919342041016,19.961971282958984
2010-08-31,19.852672576904297,19.77815055847168
2010-09-01,20.106048583984375,20.697256088256836
2010-09-02,20.722097396850586,20.851268768310547
2010-09-03,21.015216827392578,21.119548797607422
2010-09-07,20.920822143554688,20.71712875366211
2010-09-08,20.791650772094727,20.801586151123047
2010-09-09,21.015216827392578,20.732032775878906
2010-09-10,21.23878288269043,21.29840087890625
2010-09-13,21.45241355895996,21.313304901123047
2010-09-14,21.283496856689453,21.278528213500977
2010-09-15,21.20400619506836,21.477252960205078
2010-09-16,21.397762298583984,21.447444915771484
2010-09-17,21.710756301879883,21.671010971069336
2010-09-20,21.72566032409668,22.11814308166504
2010-09-21,22.10820770263672,22.18769645690918
2010-09-22,22.123111724853516,22.003875732421875
2010-09-23,21.82005500793457,22.068462371826172
2010-09-24,22.30693244934082,22.54540252685547
2010-09-27,22.585147857666016,22.441072463989258
2010-09-28,22.555339813232422,22.778905868530273
2010-09-29,22.798778533935547,22.79380989074707
2010-09-30,22.967693328857422,22.85342788696289
2010-10-01,23.03227996826172,22.719287872314453
2010-10-04,22.714319229125977,22.530498504638672
2010-10-05,22.69941520690918,23.052152633666992
2010-10-06,23.0223445892334,22.868331909179688
2010-10-07,22.977630615234375,22.80374526977539
2010-10-08,22.833555221557617,23.037248611450195
2010-10-11,23.04221534729004,23.151514053344727
2010-10-12,23.116737365722656,23.355209350585938
2010-10-13,23.504253387451172,23.63839340209961
2010-10-14,23.643360137939453,23.34030532836914
2010-10-15,23.534061431884766,24.53762435913086
2010-10-18,24.636987686157227,24.84564971923828
2010-10-19,24.48297691345215,24.319026947021484
2010-10-20,24.373676300048828,24.507816314697266
2010-10-21,24.617116928100586,24.532657623291016
2010-10-22,24.547561645507812,24.736351013183594
2010-10-25,24.830745697021484,24.59724235534668
2010-10-26,24.51775360107422,24.617116928100586
2010-10-27,24.40845489501953,24.378644943237305
2010-10-28,24.52768898010254,24.507816314697266
2010-10-29,24.4581356048584,24.368709564208984
2010-11-01,24.487943649291992,24.29915428161621
2010-11-02,24.53762435913086,24.661828994750977
2010-11-03,24.671764373779297,24.43329429626465
2010-11-04,24.691638946533203,24.671764373779297
2010-11-05,24.74131965637207,24.711509704589844
2010-11-08,24.453166961669922,24.328964233398438
2010-11-09,24.398517608642578,24.23953628540039
2010-11-10,24.21966552734375,24.03087615966797
2010-11-11,23.76756477355957,23.54399871826172
2010-11-12,23.40985870361328,23.28068733215332
2010-11-15,23.320432662963867,23.131643295288086
2010-11-16,22.92298126220703,22.773937225341797
2010-11-17,22.808713912963867,22.68947982788086
2010-11-18,22.82858657836914,22.9577579498291
2010-11-19,22.92298126220703,22.85342788696289
2010-11-22,22.729223251342773,22.86336326599121
2010-11-23,22.57024383544922,22.5106258392334
2010-11-24,22.624893188476562,22.818649291992188
2010-11-26,22.63979721069336,22.649734497070312
2010-11-29,22.530498504638672,22.406295776367188
2010-11-30,22.182729721069336,22.172792434692383
2010-12-01,22.505657196044922,23.08196258544922
2010-12-02,23.086929321289062,23.231006622314453
2010-12-03,23.156484603881836,23.399921417236328
2010-12-06,23.370113372802734,23.380050659179688
2010-12-07,23.608583450317383,23.389986038208008
2010-12-08,23.44463539123535,23.499284744262695
2010-12-09,23.57877540588379,23.35024070739746
2010-12-10,23.399921417236328,23.404890060424805
2010-12-13,23.449604034423828,23.30552864074707
2010-12-14,23.548965454101562,24.29915428161621
2010-12-15,24.29915428161621,24.16998291015625
2010-12-16,24.20475959777832,24.020938873291016
2010-12-17,24.020938873291016,24.045780181884766
2010-12-20,24.12527084350586,23.817245483398438
2010-12-21,23.901704788208008,23.976226806640625
2010-12-22,24.04081153869629,24.279281616210938
2010-12-23,24.199792861938477,24.34883689880371
2010-12-27,24.259410858154297,24.582338333129883
2010-12-28,24.57737159729004,24.592275619506836
2010-12-29,24.641956329345703,24.57240104675293
2010-12-30,24.56246566772461,24.641956329345703
2010-12-31,24.607179641723633,24.641956329345703
2011-01-03,24.795969009399414,25.258005142211914
2011-01-04,25.223228454589844,25.26297378540039
2011-01-05,25.15367317199707,25.362335205078125
2011-01-06,25.412017822265625,25.650487899780273
2011-01-07,25.675329208374023,25.859149932861328
2011-01-10,25.729978561401367,25.789596557617188
2011-01-11,25.834308624267578,25.923736572265625
2011-01-12,26.06781005859375,26.102588653564453
2011-01-13,26.142333984375,26.162206649780273
2011-01-14,26.097620010375977,26.410612106323242
2011-01-18,26.42551612854004,26.67392349243164
2011-01-19,26.693796157836914,26.326154708862305
2011-01-20,26.192014694213867,26.311250686645508
2011-01-21,26.524879455566406,26.346027374267578
2011-01-24,26.360931396484375,26.579530715942383
2011-01-25,26.554689407348633,26.728574752807617
2011-01-26,26.773286819458008,26.678892135620117
2011-01-27,26.738510131835938,26.907426834106445
2011-01-28,26.89252281188965,26.05787467956543
2011-01-31,26.11749267578125,26.47519874572754
2011-02-01,26.579530715942383,26.98691749572754
2011-02-02,26.82793617248535,27.12602424621582
2011-02-03,27.026662826538086,27.632774353027344
2011-02-04,27.593029022216797,27.702327728271484
2011-02-07,27.70729637145996,27.925893783569336
2011-02-08,27.821563720703125,28.08984375
2011-02-09,26.08271598815918,24.060684204101562
2011-02-10,23.89673614501953,23.89673614501953
2011-02-11,23.842086791992188,23.807308197021484
2011-02-14,23.752660751342773,23.678138732910156
2011-02-15,23.63839340209961,23.539030075073242
2011-02-16,23.628456115722656,23.92157745361328
2011-02-17,23.797372817993164,24.07558822631836
2011-02-18,24.130237579345703,24.314058303833008
2011-02-22,23.98119354248047,23.573806762695312
2011-02-23,23.539030075073242,23.524126052856445
2011-02-24,23.563871383666992,23.58871078491211
2011-02-25,23.737756729125977,24.140174865722656
2011-02-28,24.165014266967773,23.911640167236328
2011-03-01,24.025907516479492,23.504253387451172
2011-03-02,23.509220123291016,23.772531509399414
2011-03-03,23.95635414123535,24.085525512695312
2011-03-04,24.01597023010254,23.71788215637207
2011-03-07,23.852022171020508,23.474443435668945
2011-03-08,23.489349365234375,23.842086791992188
2011-03-09,23.762596130371094,23.88680076599121
2011-03-10,23.583742141723633,23.439666748046875
2011-03-11,23.355209350585938,23.698009490966797
2011-03-14,23.474443435668945,23.235973358154297
2011-03-15,22.878267288208008,23.136611938476562
2011-03-16,23.04718589782715,22.749095916748047
2011-03-17,23.04221534729004,23.03227996826172
2011-03-18,23.34030532836914,23.49431610107422
2011-03-21,23.792404174804688,24.140174865722656
2011-03-22,24.115333557128906,23.87189483642578
2011-03-23,23.82718276977539,24.01597023010254
2011-03-24,24.140174865722656,24.304122924804688
2011-03-25,24.423358917236328,24.428325653076172
2011-03-28,24.463102340698242,24.090492248535156
2011-03-29,24.19482421875,24.28921890258789
2011-03-30,24.423358917236328,24.333932876586914
2011-03-31,24.333932876586914,24.209728240966797
2011-04-01,24.4581356048584,24.532657623291016
2011-04-04,24.54259490966797,24.54259490966797
2011-04-05,24.547561645507812,24.632020950317383
2011-04-06,24.771127700805664,24.711509704589844
2011-04-07,24.651893615722656,24.75125503540039
2011-04-08,24.88042640686035,24.617116928100586
2011-04-11,24.532657623291016,24.438262939453125
2011-04-12,24.29915428161621,24.20475959777832
2011-04-13,24.478008270263672,24.29915428161621
2011-04-14,24.095460891723633,24.6568603515625
2011-04-15,24.671764373779297,24.865522384643555
2011-04-18,24.567434310913086,24.55253028869629
2011-04-19,24.602210998535156,24.686670303344727
2011-04-20,24.88042640686035,24.507816314697266
2011-04-21,24.53762435913086,24.40845489501953
2011-04-25,24.46807289123535,24.547561645507812
2011-04-26,24.602210998535156,24.671764373779297
2011-04-27,24.726415634155273,25.10896110534668
2011-04-28,25.004629135131836,25.233165740966797
2011-04-29,25.287813186645508,25.327558517456055
2011-05-02,25.49150848388672,25.113929748535156
2011-05-03,22.490753173828125,21.874704360961914
2011-05-04,21.909481048583984,21.839927673339844
2011-05-05,21.71572494506836,21.59648895263672
2011-05-06,21.874704360961914,21.616361618041992
2011-05-09,21.616361618041992,21.710756301879883
2011-05-10,21.834959030151367,22.35164451599121
2011-05-11,21.964130401611328,21.993940353393555
2011-05-12,21.939289093017578,22.37648582458496
2011-05-13,22.267187118530273,22.18769645690918
2011-05-16,22.098270416259766,21.884641647338867
2011-05-17,21.790245056152344,22.068462371826172
2011-05-18,22.063493728637695,22.113174438476562
2011-05-19,22.232410430908203,22.038652420043945
2011-05-20,22.05852508544922,22.147951126098633
2011-05-23,21.81011962890625,21.65610694885254
2011-05-24,21.770374298095703,21.611392974853516
2011-05-25,21.576616287231445,21.904512405395508
2011-05-26,20.165664672851562,19.067707061767578
2011-05-27,19.147197723388672,19.892417907714844
2011-05-31,20.091142654418945,19.817895889282227
2011-06-01,19.688724517822266,19.499935150146484
2011-06-02,19.489999771118164,19.470125198364258
2011-06-03,19.261465072631836,19.1124210357666
2011-06-06,19.107452392578125,18.81930160522461
2011-06-07,18.878917694091797,18.878917694091797
2011-06-08,18.809364318847656,18.719938278198242
2011-06-09,18.680192947387695,19.067707061767578
2011-06-10,18.82923698425293,18.72490692138672
2011-06-13,18.719938278198242,18.82923698425293
2011-06-14,19.01802635192871,19.117389678955078
2011-06-15,18.903759002685547,18.978281021118164
2011-06-16,18.824268341064453,19.10248374938965
2011-06-17,19.261465072631836,19.1273250579834
2011-06-20,19.037899017333984,19.15216636657715
2011-06-21,19.296241760253906,19.425413131713867
2011-06-22,19.241592407226562,19.013057708740234
2011-06-23,18.8143310546875,18.729873657226562
2011-06-24,18.824268341064453,18.42681884765625
2011-06-27,18.511276245117188,18.47153091430664
2011-06-28,18.516244888305664,18.48146629333496
2011-06-29,18.546052932739258,18.595733642578125
2011-06-30,18.6503849029541,18.859046936035156
2011-07-01,18.878917694091797,19.057771682739258
2011-07-05,18.998153686523438,18.92363166809082
2011-07-06,18.878917694091797,18.913694381713867
2011-07-07,19.0627384185791,19.013057708740234
2011-07-08,18.809364318847656,18.789491653442383
2011-07-11,18.575862884521484,18.441722869873047
2011-07-12,18.406944274902344,18.387073516845703
2011-07-13,18.46159553527832,18.287710189819336
2011-07-14,18.41191291809082,18.242996215820312
2011-07-15,18.332422256469727,18.208219528198242
2011-07-18,18.143634796142578,18.01943016052246
2011-07-19,18.183378219604492,18.362232208251953
2011-07-20,18.44668960571289,18.466562271118164
2011-07-21,18.555988311767578,18.81930160522461
2011-07-22,18.789491653442383,18.844141006469727
2011-07-25,18.287710189819336,18.322486877441406
2011-07-26,18.302614212036133,18.228092193603516
2011-07-27,18.133697509765625,17.6418514251709
2011-07-28,17.67662811279297,17.55739402770996
2011-07-29,17.413318634033203,17.527584075927734
2011-08-01,17.661724090576172,17.110261917114258
2011-08-02,16.94134521484375,16.891664505004883
2011-08-03,16.78733253479004,16.76249122619629
2011-08-04,16.46440315246582,16.345169067382812
2011-08-05,16.52402114868164,16.638288497924805
2011-08-08,16.260709762573242,15.321733474731445
2011-08-09,15.530393600463867,15.883131980895996
2011-08-10,15.06338882446289,14.030016899108887
2011-08-11,14.039953231811523,14.586447715759277
2011-08-12,14.48211669921875,14.526830673217773
2011-08-15,14.651034355163574,14.939186096191406
2011-08-16,14.790142059326172,14.864664077758789
2011-08-17,14.92428207397461,14.750396728515625
2011-08-18,14.288359642028809,14.04988956451416
2011-08-19,13.866068840026855,13.374222755432129
2011-08-22,13.632566452026367,13.771674156188965
2011-08-23,13.791546821594238,14.417531967163086
2011-08-24,14.417531967163086,14.576512336730957
2011-08-25,14.651034355163574,14.074729919433594
2011-08-26,14.01014518737793,14.323137283325195
2011-08-29,14.581480026245117,15.098166465759277
2011-08-30,15.013708114624023,15.321733474731445
2011-08-31,15.440967559814453,15.232305526733398
2011-09-01,15.227337837219238,14.864664077758789
2011-09-02,14.675874710083008,14.203902244567871
2011-09-06,13.866068840026855,13.736897468566895
2011-09-07,13.92568588256836,14.51192569732666
2011-09-08,14.397659301757812,14.124411582946777
2011-09-09,13.940590858459473,13.726961135864258
2011-09-12,13.56301212310791,13.861100196838379
2011-09-13,13.935622215270996,14.000207901000977
2011-09-14,14.104538917541504,14.059825897216797
2011-09-15,14.223773956298828,14.328104972839355
2011-09-16,14.462244987487793,14.546703338623047
2011-09-19,14.273455619812012,14.213837623596191
2011-09-20,14.213837623596191,13.98033618927002
2011-09-21,14.01014518737793,13.394096374511719
2011-09-22,12.937026977539062,12.932059288024902
2011-09-23,12.763141632080078,12.937026977539062
2011-09-26,13.10097599029541,13.523266792297363
2011-09-27,13.880972862243652,13.846196174621582
2011-09-28,13.93065357208252,13.43384075164795
2011-09-29,13.726961135864258,13.726961135864258
2011-09-30,13.503395080566406,13.339446067810059
2011-10-03,13.269891738891602,13.215243339538574
2011-10-04,12.98670768737793,13.59778881072998
2011-10-05,13.612693786621094,13.95549488067627
2011-10-06,13.96046257019043,14.367850303649902
2011-10-07,14.47714900970459,14.203902244567871
2011-10-10,14.51192569732666,14.780205726623535
2011-10-11,14.665939331054688,14.814983367919922
2011-10-12,14.993836402893066,15.103135108947754
2011-10-13,14.973962783813477,14.934218406677246
2011-10-14,15.172687530517578,15.202496528625488
2011-10-17,15.123006820678711,14.700715065002441
2011-10-18,14.700715065002441,14.95905876159668
2011-10-19,15.003771781921387,14.586447715759277
2011-10-20,14.576512336730957,14.54173469543457
2011-10-21,14.745429039001465,14.919313430786133
2011-10-24,15.018675804138184,15.351540565490723
2011-10-25,15.321733474731445,14.998804092407227
2011-10-26,15.202496528625488,15.212433815002441
2011-10-27,15.714215278625488,16.30045509338379
2011-10-28,16.081857681274414,16.116634368896484
2011-10-31,15.932812690734863,15.629756927490234
2011-11-01,15.123006820678711,14.864664077758789
2011-11-02,15.162752151489258,15.073326110839844
2011-11-03,15.252179145812988,16.09676170349121
2011-11-04,15.917908668518066,16.09676170349121
2011-11-07,16.04707908630371,16.03714370727539
2011-11-08,16.196125030517578,16.379945755004883
2011-11-09,14.556639671325684,13.861100196838379
2011-11-10,13.59778881072998,12.539575576782227
2011-11-11,12.927090644836426,13.155625343322754
2011-11-14,13.03639030456543,12.64887523651123
2011-11-15,12.594225883483887,13.07613468170166
2011-11-16,12.912185668945312,12.827728271484375
2011-11-17,12.768110275268555,12.49486255645752
2011-11-18,12.529640197753906,12.52467155456543
2011-11-21,12.320978164672852,12.340850830078125
2011-11-22,12.251423835754395,12.166966438293457
2011-11-23,12.057666778564453,11.426713943481445
2011-11-25,11.416776657104492,11.391937255859375
2011-11-28,11.809260368347168,11.595629692077637
2011-11-29,11.655247688293457,11.57575798034668
2011-11-30,11.794356346130371,12.137157440185547
2011-12-01,12.082508087158203,12.281232833862305
2011-12-02,12.360722541809082,12.256391525268555
2011-12-05,12.470022201538086,12.733332633972168
2011-12-06,12.773078918457031,12.589258193969727
2011-12-07,12.4849271774292,12.688619613647461
2011-12-08,12.509766578674316,12.430276870727539
2011-12-09,12.48989486694336,12.892313957214355
2011-12-12,12.753206253051758,12.539575576782227
2011-12-13,12.65384292602539,12.385563850402832
2011-12-14,12.375628471374512,12.385563850402832
2011-12-15,12.574353218078613,12.64887523651123
2011-12-16,12.787982940673828,12.882377624511719
2011-12-19,12.877408981323242,12.420340538024902
2011-12-20,12.65881061553955,13.160593032836914
2011-12-21,13.051294326782227,12.753206253051758
2011-12-22,12.802886962890625,13.01154899597168
2011-12-23,13.115880012512207,13.155625343322754
2011-12-27,12.206710815429688,11.973209381103516
2011-12-28,12.007986068725586,11.804291725158691
2011-12-29,11.858941078186035,11.764547348022461
2011-12-30,11.819195747375488,11.774482727050781
2012-01-03,12.06760311126709,12.181870460510254
2012-01-04,12.13218879699707,12.166966438293457
2012-01-05,12.137157440185547,12.077539443969727
2012-01-06,12.077539443969727,11.690025329589844
2012-01-09,11.769515037536621,11.61053466796875
2012-01-10,11.849004745483398,12.12722110748291
2012-01-11,12.117284774780273,12.211679458618164
2012-01-12,12.216647148132324,12.360722541809082
2012-01-13,12.246456146240234,11.998048782348633
2012-01-17,12.15206241607666,12.266328811645508
2012-01-18,12.301106452941895,12.67868423461914
2012-01-19,12.668747901916504,12.961868286132812
2012-01-20,12.98173999786377,12.966835975646973
2012-01-23,12.991677284240723,13.061229705810547
2012-01-24,12.98173999786377,12.961868286132812
2012-01-25,12.966835975646973,13.07613468170166
2012-01-26,13.120847702026367,12.932059288024902
2012-01-27,12.887346267700195,13.00658130645752
2012-01-30,12.872441291809082,12.882377624511719
2012-01-31,12.932059288024902,12.832695960998535
2012-02-01,12.971803665161133,13.508362770080566
2012-02-02,13.55804443359375,13.543140411376953
2012-02-03,13.741865158081055,13.945558547973633
2012-02-06,13.771674156188965,13.637534141540527
2012-02-07,13.49842643737793,13.155625343322754
2012-02-08,14.218806266784668,15.594980239868164
2012-02-09,15.629756927490234,16.365041732788086
2012-02-10,16.136507034301758,16.13153839111328
2012-02-13,16.270647048950195,16.081857681274414
2012-02-14,16.066953659057617,16.196125030517578
2012-02-15,16.35013771057129,16.379945755004883
2012-02-16,16.414722442626953,16.52402114868164
2012-02-17,16.64325714111328,16.434595108032227
2012-02-21,16.444530487060547,15.883131980895996
2012-02-22,15.893068313598633,15.84338665008545
2012-02-23,15.878164291381836,16.03714370727539
2012-02-24,16.042112350463867,15.942749977111816
2012-02-27,15.898036003112793,16.07192039489746
2012-02-28,16.091793060302734,16.01230239868164
2012-02-29,16.081857681274414,15.778800964355469
2012-03-01,15.893068313598633,15.823513984680176
2012-03-02,15.838418960571289,15.560202598571777
2012-03-05,16.01230239868164,15.863259315490723
2012-03-06,15.634724617004395,15.406190872192383
2012-03-07,15.490649223327637,15.366445541381836
2012-03-08,15.555234909057617,15.54529857635498
2012-03-09,15.609884262084961,15.634724617004395
2012-03-12,15.634724617004395,15.47574520111084
2012-03-13,15.624789237976074,15.624789237976074
2012-03-14,15.649629592895508,15.435999870300293
2012-03-15,15.435999870300293,15.947717666625977
2012-03-16,15.97255802154541,15.699311256408691
2012-03-19,15.594980239868164,15.654598236083984
2012-03-20,15.50555419921875,15.137910842895508
2012-03-21,15.11803913116455,15.331668853759766
2012-03-22,15.157784461975098,15.108102798461914
2012-03-23,15.078293800354004,15.247209548950195
2012-03-26,15.42606258392334,15.440967559814453
2012-03-27,15.45587158203125,15.45587158203125
2012-03-28,15.465807914733887,15.162752151489258
2012-03-29,15.008740425109863,15.043517112731934
2012-03-30,15.172687530517578,14.874600410461426
2012-04-02,14.829887390136719,14.968995094299316
2012-04-03,14.934218406677246,14.740461349487305
2012-04-04,14.591416358947754,14.407594680786133
2012-04-05,14.372817993164062,14.581480026245117
2012-04-09,14.288359642028809,14.218806266784668
2012-04-10,14.14428424835205,14.000207901000977
2012-04-11,13.03639030456543,13.607725143432617
2012-04-12,13.59778881072998,13.756770133972168
2012-04-13,13.632566452026367,13.423904418945312
2012-04-16,13.61766242980957,13.59282112121582
2012-04-17,13.677279472351074,13.756770133972168
2012-04-18,13.62759780883789,13.836259841918945
2012-04-19,13.880972862243652,13.692184448242188
2012-04-20,13.746832847595215,13.543140411376953
2012-04-23,13.369255065917969,13.314604759216309
2012-04-24,13.344413757324219,13.468618392944336
2012-04-25,13.667343139648438,13.796515464782715
2012-04-26,13.731928825378418,13.910781860351562
2012-04-27,13.98530387878418,14.149251937866211
2012-04-30,14.094602584838867,13.940590858459473
2012-05-01,13.915749549865723,14.099571228027344
2012-05-02,13.995240211486816,14.01014518737793
2012-05-03,14.01511287689209,13.910781860351562
2012-05-04,13.766706466674805,13.518299102783203
2012-05-07,13.369255065917969,13.538171768188477
2012-05-08,13.364287376403809,13.413968086242676
2012-05-09,13.230147361755371,13.503395080566406
2012-05-10,13.672310829162598,13.413968086242676
2012-05-11,13.339446067810059,13.468618392944336
2012-05-14,13.299700736999512,13.210274696350098
2012-05-15,13.215243339538574,13.10097599029541
2012-05-16,13.264924049377441,13.125816345214844
2012-05-17,13.091038703918457,12.802886962890625
2012-05-18,12.802886962890625,12.792950630187988
2012-05-21,12.797919273376465,13.190402030944824
2012-05-22,13.13575267791748,13.110912322998047
2012-05-23,13.00658130645752,13.250020027160645
2012-05-24,13.289765357971191,13.140721321105957
2012-05-25,13.110912322998047,13.225178718566895
2012-05-29,13.374222755432129,13.56301212310791
2012-05-30,13.43384075164795,13.369255065917969
2012-05-31,13.369255065917969,13.235115051269531
2012-06-01,12.98670768737793,12.817791938781738
2012-06-04,12.837663650512695,12.668747901916504
2012-06-05,12.643906593322754,12.917155265808105
2012-06-06,13.04135799407959,13.096007347106934
2012-06-07,13.314604759216309,12.98173999786377
2012-06-08,12.98670768737793,12.991677284240723
2012-06-11,13.125816345214844,12.445181846618652
2012-06-12,12.360722541809082,12.316010475158691
2012-06-13,12.306074142456055,12.022890090942383
2012-06-14,12.022890090942383,12.077539443969727
2012-06-15,12.082508087158203,12.276265144348145
2012-06-18,12.221614837646484,12.231552124023438
2012-06-19,12.306074142456055,12.261361122131348
2012-06-20,12.286200523376465,12.276265144348145
2012-06-21,12.266328811645508,11.849004745483398
2012-06-22,11.923526763916016,11.873846054077148
2012-06-25,11.739706039428711,11.590662002563477
2012-06-26,11.625438690185547,11.57079029083252
2012-06-27,11.615503311157227,11.754611015319824
2012-06-28,11.665184020996094,11.804291725158691
2012-06-29,12.03282642364502,12.330913543701172
2012-07-02,12.380596160888672,12.325945854187012
2012-07-03,12.350787162780762,12.46505355834961
2012-07-05,12.440213203430176,12.420340538024902
2012-07-06,12.311041831970215,12.03779411315918
2012-07-09,11.983144760131836,11.923526763916016
2012-07-10,11.978177070617676,11.645312309265137
2012-07-11,11.67512035369873,11.51613998413086
2012-07-12,11.396904945373535,11.456521987915039
2012-07-13,11.471426963806152,11.789387702941895
2012-07-16,11.759578704833984,11.590662002563477
2012-07-17,11.630407333374023,11.650279998779297
2012-07-18,11.640342712402344,11.853973388671875
2012-07-19,11.913591384887695,11.724802017211914
2012-07-20,11.655247688293457,11.600598335266113
2012-07-23,11.357159614562988,11.332319259643555
2012-07-24,11.312445640563965,11.178306579589844
2012-07-25,11.198179244995117,11.292573928833008
2012-07-26,11.526076316833496,11.719834327697754
2012-07-27,11.784419059753418,12.03779411315918
2012-07-30,11.998048782348633,12.06760311126709
2012-07-31,12.077539443969727,12.231552124023438
2012-08-01,12.251423835754395,12.171934127807617
2012-08-02,12.042762756347656,11.998048782348633
2012-08-03,12.226584434509277,12.335883140563965
2012-08-06,12.385563850402832,12.4849271774292
2012-08-07,12.529640197753906,12.67868423461914
2012-08-08,13.17052936553955,14.670907020568848
2012-08-09,14.695747375488281,15.157784461975098
2012-08-10,15.123006820678711,15.560202598571777
2012-08-13,15.570138931274414,15.604915618896484
2012-08-14,15.634724617004395,15.570138931274414
2012-08-15,15.570138931274414,15.570138931274414
2012-08-16,15.649629592895508,15.932812690734863
2012-08-17,15.977526664733887,16.235870361328125
2012-08-20,16.176252365112305,16.38491439819336
2012-08-21,16.37000846862793,16.414722442626953
2012-08-22,16.340200424194336,16.365041732788086
2012-08-23,16.330263137817383,16.305423736572266
2012-08-24,16.29051971435547,16.389881134033203
2012-08-27,16.48924446105957,16.38491439819336
2012-08-28,16.310392379760742,16.2060604095459
2012-08-29,16.225933074951172,16.141475677490234
2012-08-30,16.081857681274414,15.99739933013916
2012-08-31,16.08682632446289,16.00236701965332
2012-09-04,16.235870361328125,15.878164291381836
2012-09-05,15.883131980895996,16.076889038085938
2012-09-06,16.146442413330078,16.270647048950195
2012-09-07,16.29051971435547,16.414722442626953
2012-09-10,16.305423736572266,16.439563751220703
2012-09-11,16.519052505493164,16.345169067382812
2012-09-12,16.36007308959961,16.424659729003906
2012-09-13,16.40478515625,16.6680965423584
2012-09-14,16.658161163330078,17.2294979095459
2012-09-17,17.169879913330078,16.981090545654297
2012-09-18,17.060579299926758,16.737651824951172
2012-09-19,16.75255584716797,16.663129806518555
2012-09-20,16.439563751220703,16.424659729003906
2012-09-21,16.533958435058594,16.434595108032227
2012-09-24,16.409753799438477,16.320327758789062
2012-09-25,16.389881134033203,15.893068313598633
2012-09-26,15.942749977111816,15.863259315490723
2012-09-27,15.957653999328613,16.007335662841797
2012-09-28,15.942749977111816,16.00236701965332
2012-10-01,16.06198501586914,15.768864631652832
2012-10-02,15.833451271057129,15.798673629760742
2012-10-03,15.898036003112793,15.788737297058105
2012-10-04,15.818546295166016,15.798673629760742
2012-10-05,15.898036003112793,15.838418960571289
2012-10-08,15.763896942138672,15.863259315490723
2012-10-09,15.818546295166016,15.54033088684082
2012-10-10,15.520458221435547,15.565171241760254
2012-10-11,15.654598236083984,15.674469947814941
2012-10-12,15.709246635437012,15.609884262084961
2012-10-15,15.649629592895508,15.773833274841309
2012-10-16,15.84338665008545,16.01727294921875
2012-10-17,16.022239685058594,16.10669708251953
2012-10-18,16.081857681274414,15.947717666625977
2012-10-19,15.888099670410156,15.629756927490234
2012-10-22,15.619820594787598,15.753959655761719
2012-10-23,15.599947929382324,15.48568058013916
2012-10-24,15.535362243652344,15.291924476623535
2012-10-25,15.406190872192383,15.272050857543945
2012-10-26,15.197528839111328,15.197528839111328
2012-10-31,15.252179145812988,15.127975463867188
2012-11-01,15.167719841003418,15.465807914733887
2012-11-02,15.599947929382324,15.460840225219727
2012-11-05,15.38631820678711,15.629756927490234
2012-11-06,17.219560623168945,18.28274154663086
2012-11-07,18.173442840576172,17.78592872619629
2012-11-08,17.70146942138672,17.552425384521484
2012-11-09,17.52261734008789,17.49777603149414
2012-11-12,17.53255271911621,17.507713317871094
2012-11-13,17.388477325439453,17.49777603149414
2012-11-14,17.537521362304688,17.28911590576172
2012-11-15,17.30898666381836,17.10529327392578
2012-11-16,17.120197296142578,17.125165939331055
2012-11-19,17.621980667114258,17.840578079223633
2012-11-20,17.840578079223633,18.337390899658203
2012-11-21,18.337390899658203,18.312551498413086
2012-11-23,18.362232208251953,18.82923698425293
2012-11-26,18.719938278198242,18.774587631225586
2012-11-27,18.739810943603516,18.67522430419922
2012-11-28,18.536117553710938,18.98324966430664
2012-11-29,19.047834396362305,19.08757972717285
2012-11-30,19.07764434814453,18.908727645874023
2012-12-03,19.311145782470703,19.509870529174805
2012-12-04,19.549617767333984,19.122356414794922
2012-12-05,19.167070388793945,19.177005767822266
2012-12-06,19.092548370361328,19.261465072631836
2012-12-07,19.3260498046875,19.311145782470703
2012-12-10,19.226688385009766,19.430381774902344
2012-12-11,19.519807815551758,19.51483917236328
2012-12-12,19.5893611907959,19.793054580688477
2012-12-13,19.728469848632812,19.783119201660156
2012-12-14,19.594329833984375,19.67382049560547
2012-12-17,19.609233856201172,20.16069793701172
2012-12-18,20.13585662841797,19.986812591552734
2012-12-19,20.006685256958008,19.89738655090332
2012-12-20,19.867576599121094,19.827831268310547
2012-12-21,19.584394454956055,19.400571823120117
2012-12-24,19.41050910949707,19.494966506958008
2012-12-26,19.499935150146484,19.489999771118164
2012-12-27,19.465158462524414,19.494966506958008
2012-12-28,19.3260498046875,19.39560317993164
2012-12-31,19.405540466308594,19.89738655090332
2013-01-02,20.39419937133789,20.617765426635742
2013-01-03,20.62273406982422,20.652542114257812
2013-01-04,20.652542114257812,20.697256088256836
2013-01-07,20.5482120513916,20.47865867614746
2013-01-08,20.47865867614746,20.06133460998535
2013-01-09,20.269996643066406,20.414072036743164
2013-01-10,20.508466720581055,20.707191467285156
2013-01-11,20.771778106689453,20.841331481933594
2013-01-14,20.756874084472656,20.866172790527344
2013-01-15,20.722097396850586,20.87114143371582
2013-01-16,20.756874084472656,20.687320709228516
2013-01-17,20.796619415283203,20.746936798095703
2013-01-18,20.766809463500977,20.801586151123047
2013-01-22,21.164260864257812,20.995344161987305
2013-01-23,20.965534210205078,20.89101219177246
2013-01-24,20.766809463500977,21.0748348236084
2013-01-25,21.020185470581055,21.08477020263672
2013-01-28,21.099674224853516,21.164260864257812
2013-01-29,21.129484176635742,21.159292221069336
2013-01-30,21.184133529663086,20.980440139770508
2013-01-31,20.920822143554688,20.766809463500977
2013-02-01,20.900949478149414,21.21394157409668
2013-02-04,21.0748348236084,20.82145881652832
2013-02-05,21.641202926635742,22.729223251342773
2013-02-06,22.62986183166504,22.729223251342773
2013-02-07,22.73419189453125,22.823617935180664
2013-02-08,22.858394622802734,22.704383850097656
2013-02-11,22.704383850097656,22.878267288208008
2013-02-12,22.85342788696289,23.121707916259766
2013-02-13,23.151514053344727,23.25584602355957
2013-02-14,23.191261291503906,23.653297424316406
2013-02-15,24.001066207885742,23.8818302154541
2013-02-19,23.89673614501953,24.244504928588867
2013-02-20,24.224632263183594,23.797372817993164
2013-02-21,23.653297424316406,23.399921417236328
2013-02-22,23.524126052856445,23.678138732910156
2013-02-25,23.752660751342773,23.086929321289062
2013-02-26,23.231006622314453,23.618520736694336
2013-02-27,23.653297424316406,23.936481475830078
2013-02-28,23.941448211669922,23.86195945739746
2013-03-01,23.787437438964844,23.98119354248047
2013-03-04,23.83711814880371,23.991130828857422
2013-03-05,24.13520622253418,24.641956329345703
2013-03-06,24.71647834777832,24.51775360107422
2013-03-07,24.487943649291992,24.766159057617188
2013-03-08,24.83571434020996,24.721446990966797
2013-03-11,24.691638946533203,25.089088439941406
2013-03-12,25.004629135131836,24.83571434020996
2013-03-13,24.890363693237305,24.53762435913086
2013-03-14,24.646923065185547,24.731382369995117
2013-03-15,24.632020950317383,24.13520622253418
2013-03-18,23.926544189453125,24.00603485107422
2013-03-19,24.130237579345703,23.916608810424805
2013-03-20,24.090492248535156,24.393550872802734
2013-03-21,24.189855575561523,24.090492248535156
2013-03-22,24.19482421875,24.07558822631836
2013-03-25,24.16998291015625,24.110366821289062
2013-03-26,24.19482421875,24.393550872802734
2013-03-27,24.18488883972168,24.314058303833008
2013-03-28,24.214696884155273,24.4581356048584
2013-04-01,24.4581356048584,24.095460891723633
2013-04-02,24.140174865722656,23.986162185668945
2013-04-03,24.090492248535156,23.757627487182617
2013-04-04,23.797372817993164,23.772531509399414
2013-04-05,23.464508056640625,23.479412078857422
2013-04-08,23.514188766479492,23.688074111938477
2013-04-09,23.732786178588867,23.65826416015625
2013-04-10,23.82718276977539,24.150110244750977
2013-04-11,24.13520622253418,24.10042953491211
2013-04-12,23.89673614501953,23.196229934692383
2013-04-15,22.967693328857422,22.475849151611328
2013-04-16,22.704383850097656,23.052152633666992
2013-04-17,22.808713912963867,22.34170913696289
2013-04-18,22.465913772583008,22.088333129882812
2013-04-19,22.098270416259766,21.97406768798828
2013-04-22,22.00884437561035,22.013811111450195
2013-04-23,22.202600479125977,22.4609432220459
2013-04-24,22.451007843017578,22.555339813232422
2013-04-25,22.62986183166504,22.68947982788086
2013-04-26,22.684511184692383,22.654701232910156
2013-04-29,22.669605255126953,23.037248611450195
2013-04-30,22.97266387939453,23.275718688964844
2013-05-01,23.146547317504883,22.798778533935547
2013-05-02,22.89813995361328,23.231006622314453
2013-05-03,23.479412078857422,23.489349365234375
2013-05-06,23.509220123291016,23.762596130371094
2013-05-07,23.757627487182617,23.847055435180664
2013-05-08,23.812278747558594,24.19482421875
2013-05-09,24.095460891723633,24.259410858154297
2013-05-10,24.274314880371094,24.487943649291992
2013-05-13,24.378644943237305,24.23953628540039
2013-05-14,24.28921890258789,24.58730697631836
2013-05-15,24.969852447509766,22.21253776550293
2013-05-16,21.730627059936523,21.159292221069336
2013-05-17,21.253686904907227,22.157888412475586
2013-05-20,22.043621063232422,22.182729721069336
2013-05-21,22.14298439025879,22.00884437561035
2013-05-22,21.9840030670166,21.591520309448242
2013-05-23,21.49712562561035,21.69088363647461
2013-05-24,21.526935577392578,21.492158889770508
2013-05-28,21.661075592041016,21.46234893798828
2013-05-29,21.29840087890625,21.636234283447266
2013-05-30,21.710756301879883,22.018779754638672
2013-05-31,21.919418334960938,22.16285514831543
2013-06-03,22.098270416259766,22.207569122314453
2013-06-04,22.197633743286133,22.267187118530273
2013-06-05,22.202600479125977,22.207569122314453
2013-06-06,22.197633743286133,22.565275192260742
2013-06-07,22.68947982788086,23.2210693359375
2013-06-10,23.24591064453125,22.88820457458496
2013-06-11,22.53546714782715,22.416231155395508
2013-06-12,22.550371170043945,21.934322357177734
2013-06-13,21.899545669555664,22.16285514831543
2013-06-14,22.296995162963867,22.287059783935547
2013-06-17,22.451007843017578,22.455976486206055
2013-06-18,22.505657196044922,22.69941520690918
2013-06-19,22.63979721069336,22.649734497070312
2013-06-20,22.40132713317871,22.038652420043945
2013-06-21,22.217506408691406,22.0336856842041
2013-06-24,21.800182342529297,21.387826919555664
2013-06-25,21.59648895263672,21.72566032409668
2013-06-26,21.969099044799805,21.87967300415039
2013-06-27,21.9840030670166,22.197633743286133
2013-06-28,21.954195022583008,21.745532989501953
2013-07-01,21.85483169555664,22.157888412475586
2013-07-02,22.098270416259766,22.113174438476562
2013-07-03,22.00884437561035,22.644765853881836
2013-07-05,22.788841247558594,23.08196258544922
2013-07-08,23.136611938476562,23.380050659179688
2013-07-09,23.558902740478516,23.489349365234375
2013-07-10,23.474443435668945,23.54399871826172
2013-07-11,23.822214126586914,23.698009490966797
2013-07-12,23.737756729125977,23.74272346496582
2013-07-15,23.68310546875,23.668201446533203
2013-07-16,23.722850799560547,23.240942001342773
2013-07-17,23.260814666748047,23.196229934692383
2013-07-18,23.196229934692383,23.295591354370117
2013-07-19,23.240942001342773,23.54399871826172
2013-07-22,23.534061431884766,23.62348747253418
2013-07-23,23.688074111938477,23.583742141723633
2013-07-24,23.727819442749023,23.61355209350586
2013-07-25,23.558902740478516,23.807308197021484
2013-07-26,23.57877540588379,23.727819442749023
2013-07-29,23.633424758911133,23.509220123291016
2013-07-30,23.68310546875,23.598648071289062
2013-07-31,23.698009490966797,23.678138732910156
2013-08-01,24.00603485107422,24.463102340698242
2013-08-02,24.343868255615234,24.53762435913086
2013-08-05,24.49291229248047,24.935075759887695
2013-08-06,24.9201717376709,24.82080841064453
2013-08-07,25.51137924194336,26.92729949951172
2013-08-08,26.723604202270508,25.908830642700195
2013-08-09,25.859149932861328,25.874053955078125
2013-08-12,25.764755249023438,25.898895263671875
2013-08-13,25.898895263671875,25.968448638916016
2013-08-14,26.01316261291504,25.938640594482422
2013-08-15,25.635583877563477,25.486539840698242
2013-08-16,25.461698532104492,25.610742568969727
2013-08-19,25.496475219726562,25.347431182861328
2013-08-20,25.402080535888672,25.883989334106445
2013-08-21,25.799531936645508,25.198387145996094
2013-08-22,25.228195190429688,25.630615234375
2013-08-23,25.710105895996094,25.600807189941406
2013-08-26,25.541189193725586,25.50144386291504
2013-08-27,25.21329116821289,24.9052677154541
2013-08-28,24.94501304626465,24.84564971923828
2013-08-29,24.721446990966797,25.01456642150879
2013-08-30,24.969852447509766,24.915203094482422
2013-09-03,25.29775047302246,25.069215774536133
2013-09-04,25.054311752319336,25.248069763183594
2013-09-05,25.193418502807617,25.1685791015625
2013-09-06,25.223228454589844,25.08411979675293
2013-09-09,25.193418502807617,25.243101119995117
2013-09-10,25.4169864654541,25.26297378540039
2013-09-11,25.436857223510742,25.983352661132812
2013-09-12,25.91876792907715,25.556093215942383
2013-09-13,25.660423278808594,25.645519256591797
2013-09-16,25.993289947509766,26.157238006591797
2013-09-17,26.157238006591797,26.336090087890625
2013-09-18,26.33112335205078,26.490102767944336
2013-09-19,26.490102767944336,26.201950073242188
2013-09-20,26.216856002807617,25.839277267456055
2013-09-23,25.79456329345703,25.729978561401367
2013-09-24,25.764755249023438,25.78462791442871
2013-09-25,25.779659271240234,25.710105895996094
2013-09-26,25.6802978515625,25.739913940429688
2013-09-27,25.610742568969727,25.84424591064453
2013-09-30,25.635583877563477,25.705137252807617
2013-10-01,25.710105895996094,25.829341888427734
2013-10-02,25.62067985534668,25.908830642700195
2013-10-03,25.720041275024414,25.610742568969727
2013-10-04,25.59583854675293,25.79456329345703
2013-10-07,25.57099723815918,25.27290916442871
2013-10-08,25.26297378540039,24.825777053833008
2013-10-09,24.87049102783203,24.711509704589844
2013-10-10,25.029470443725586,25.551124572753906
2013-10-11,25.421953201293945,25.908830642700195
2013-10-14,25.754819869995117,25.90386390686035
2013-10-15,25.75978660583496,25.769723892211914
2013-10-16,25.998258590698242,26.01316261291504
2013-10-17,25.824373245239258,26.33112335205078
2013-10-18,26.435453414916992,26.10755729675293
2013-10-21,26.147302627563477,26.311250686645508
2013-10-22,26.31621742248535,26.375835418701172
2013-10-23,26.17711067199707,25.923736572265625
2013-10-24,25.923736572265625,25.720041275024414
2013-10-25,25.744882583618164,25.744882583618164
2013-10-28,25.764755249023438,25.70016860961914
2013-10-29,25.834308624267578,25.829341888427734
2013-10-30,25.804500579833984,25.635583877563477
2013-10-31,24.438262939453125,24.473039627075195
2013-11-01,24.59724235534668,25.034439086914062
2013-11-04,25.079151153564453,25.044374465942383
2013-11-05,25.03940773010254,25.21329116821289
2013-11-06,25.302717208862305,25.4318904876709
2013-11-07,25.45673179626465,24.999662399291992
2013-11-08,24.95494842529297,25.352399826049805
2013-11-11,25.347431182861328,25.4318904876709
2013-11-12,25.337495803833008,25.754819869995117
2013-11-13,25.660423278808594,26.27150535583496
2013-11-14,26.256601333618164,26.470230102539062
2013-11-15,26.385772705078125,26.624242782592773
2013-11-18,26.63914680480957,26.634178161621094
2013-11-19,26.59443473815918,26.6043701171875
2013-11-20,26.59443473815918,26.400676727294922
2013-11-21,26.435453414916992,26.753414154052734
2013-11-22,26.718637466430664,26.460294723510742
2013-11-25,26.465261459350586,26.256601333618164
2013-11-26,26.31621742248535,26.167173385620117
2013-11-27,26.167173385620117,26.18704605102539
2013-11-29,26.256601333618164,26.142333984375
2013-12-02,26.142333984375,26.201950073242188
2013-12-03,26.033035278320312,26.142333984375
2013-12-04,26.062843322753906,26.634178161621094
2013-12-05,26.579530715942383,26.326154708862305
2013-12-06,26.44042205810547,26.872650146484375
2013-12-09,26.857744216918945,26.500038146972656
2013-12-10,26.41558074951172,26.455326080322266
2013-12-11,26.480167388916016,26.286409378051758
2013-12-12,26.15226936340332,26.008193969726562
2013-12-13,26.10755729675293,25.993289947509766
2013-12-16,26.132396697998047,26.3410587310791
2013-12-17,26.28144073486328,26.336090087890625
2013-12-18,26.514944076538086,26.554689407348633
2013-12-19,26.728574752807617,27.001821517944336
2013-12-20,27.06640625,27.24526023864746
2013-12-23,27.275068283081055,27.285005569458008
2013-12-24,27.22041893005371,27.58806037902832
2013-12-26,27.528444290161133,27.597997665405273
2013-12-27,27.722200393676758,27.63774299621582
2013-12-30,27.667551040649414,27.737104415893555
2013-12-31,27.821563720703125,27.761945724487305
2014-01-02,27.722200393676758,27.617870330810547
2014-01-03,27.642711639404297,27.761945724487305
2014-01-06,27.8265323638916,27.60296630859375
2014-01-07,27.667551040649414,27.64767837524414
2014-01-08,27.64767837524414,27.70729637145996
2014-01-09,27.796722412109375,27.90105438232422
2014-01-10,27.950735092163086,27.74207305908203
2014-01-13,27.722200393676758,27.200546264648438
2014-01-14,27.324750900268555,27.747041702270508
2014-01-15,27.712265014648438,27.92092514038086
2014-01-16,27.8414363861084,27.871244430541992
2014-01-17,27.806659698486328,27.548315048217773
2014-01-21,27.74207305908203,27.597997665405273
2014-01-22,27.573156356811523,28.373027801513672
2014-01-23,28.20410919189453,27.76691436767578
2014-01-24,27.478761672973633,26.96207618713379
2014-01-27,26.957107543945312,26.529848098754883
2014-01-28,26.539783477783203,26.668956756591797
2014-01-29,26.336090087890625,26.847808837890625
2014-01-30,27.041566848754883,27.404239654541016
2014-01-31,28.377994537353516,30.01251220703125
2014-02-03,29.88334083557129,29.10831069946289
2014-02-04,29.217609405517578,29.0635986328125
2014-02-05,28.949331283569336,28.770477294921875
2014-02-06,28.90958595275879,29.00398063659668
2014-02-07,29.11824607849121,29.838626861572266
2014-02-10,29.759136199951172,29.937990188598633
2014-02-11,29.91811752319336,30.464611053466797
2014-02-12,30.449708938598633,30.529197692871094
2014-02-13,30.385122299194336,30.956457138061523
2014-02-14,30.822317123413086,30.66333770751953
2014-02-18,30.91671371459961,31.239641189575195
2014-02-19,31.25951385498047,31.070724487304688
2014-02-20,30.991235733032227,30.976329803466797
2014-02-21,31.065757751464844,30.90180778503418
2014-02-24,30.896839141845703,31.49798583984375
2014-02-25,31.37874984741211,31.44830322265625
2014-02-26,31.532760620117188,31.60231590270996
2014-02-27,31.527793884277344,31.433399200439453
2014-02-28,31.453271865844727,31.398622512817383
2014-03-03,31.155183792114258,30.90180778503418
2014-03-04,31.304227828979492,31.299259185791016
2014-03-05,31.393653869628906,31.075693130493164
2014-03-06,31.1601505279541,31.09059715270996
2014-03-07,31.557601928710938,31.279386520385742
2014-03-10,31.120405197143555,30.817350387573242
2014-03-11,30.9117431640625,30.89187240600586
2014-03-12,30.767667770385742,30.74779510498047
2014-03-13,30.921680450439453,30.47454833984375
2014-03-14,30.395057678222656,30.668306350708008
2014-03-17,30.802444458007812,30.981298446655273
2014-03-18,31.011106491088867,31.408557891845703
2014-03-19,31.418493270874023,31.418493270874023
2014-03-20,31.25951385498047,31.47314453125
2014-03-21,31.617219924926758,31.37874984741211
2014-03-24,31.403589248657227,30.871999740600586
2014-03-25,31.026012420654297,30.762699127197266
2014-03-26,30.852127075195312,30.216205596923828
2014-03-27,30.246013641357422,29.85849952697754
2014-03-28,29.913148880004883,29.95289421081543
2014-03-31,30.08206558227539,30.216205596923828
2014-04-01,30.31060028076172,30.554039001464844
2014-04-02,30.55900764465332,30.703083038330078
2014-04-03,30.633529663085938,30.494421005249023
2014-04-04,30.62856101989746,30.216205596923828
2014-04-07,30.191364288330078,29.634933471679688
2014-04-08,29.64487075805664,29.888307571411133
2014-04-09,29.99760627746582,30.131746292114258
2014-04-10,30.121810913085938,29.2772274017334
2014-04-11,29.212642669677734,28.84003257751465
2014-04-14,28.954299926757812,29.605125427246094
2014-04-15,29.7243595123291,29.838626861572266
2014-04-16,30.02244758605957,30.395057678222656
2014-04-17,30.305631637573242,30.34537696838379
2014-04-21,30.111873626708984,30.231109619140625
2014-04-22,30.161556243896484,30.161556243896484
2014-04-23,30.161556243896484,29.77404022216797
2014-04-24,29.96282958984375,29.44117546081543
2014-04-25,29.31200408935547,28.939393997192383
2014-04-28,29.247419357299805,28.894681930541992
2014-04-29,29.02882194519043,29.10831069946289
2014-04-30,29.013916015625,29.401430130004883
2014-05-01,29.366653442382812,29.485889434814453
2014-05-02,29.480920791625977,29.480920791625977
2014-05-05,29.42130470275879,29.505762100219727
2014-05-06,29.520666122436523,29.078502655029297
2014-05-07,29.09837532043457,28.82512664794922
2014-05-08,28.80028533935547,28.835063934326172
2014-05-09,29.16792869567871,30.99620246887207
2014-05-12,31.02104377746582,30.86703109741211
2014-05-13,30.683210372924805,30.62856101989746
2014-05-14,30.57887840270996,30.385122299194336
2014-05-15,30.35531234741211,30.419898986816406
2014-05-16,30.22614288330078,30.255950927734375
2014-05-19,30.126779556274414,30.4993896484375
2014-05-20,30.494421005249023,30.375186920166016
2014-05-21,30.400026321411133,30.395057678222656
2014-05-22,30.390090942382812,30.35531234741211
2014-05-23,30.459644317626953,30.623592376708984
2014-05-27,30.717987060546875,30.852127075195312
2014-05-28,30.802444458007812,30.83225440979004
2014-05-29,30.896839141845703,31.08066177368164
2014-05-30,31.05582046508789,31.244609832763672
2014-06-02,31.194927215576172,30.991235733032227
2014-06-03,31.006139755249023,31.17505645751953
2014-06-04,31.05582046508789,31.339004516601562
2014-06-05,31.41352653503418,31.373781204223633
2014-06-06,31.43836784362793,31.587411880493164
2014-06-09,31.597347259521484,31.642059326171875
2014-06-10,31.49301528930664,31.617219924926758
2014-06-11,31.55263328552246,31.592378616333008
2014-06-12,31.49301528930664,31.194927215576172
2014-06-13,31.229705810546875,31.43836784362793
2014-06-16,31.428430557250977,31.32906723022461
2014-06-17,31.383716583251953,31.572507858276367
2014-06-18,31.522825241088867,31.61225128173828
2014-06-19,31.627155303955078,31.676837921142578
2014-06-20,31.6867733001709,31.80600929260254
2014-06-23,31.845754623413086,31.83085060119629
2014-06-24,31.751359939575195,31.761295318603516
2014-06-25,31.7364559173584,31.791105270385742
2014-06-26,31.761295318603516,31.38868522644043
2014-06-27,31.304227828979492,31.279386520385742
2014-06-30,31.393653869628906,31.398622512817383
2014-07-01,31.547666549682617,31.786136627197266
2014-07-02,31.69671058654785,31.791105270385742
2014-07-03,31.825881958007812,31.925243377685547
2014-07-07,31.915307998657227,31.7215518951416
2014-07-08,31.264482498168945,31.264482498168945
2014-07-09,31.26944923400879,31.44830322265625
2014-07-10,31.065757751464844,31.155183792114258
2014-07-11,31.189960479736328,31.1601505279541
2014-07-14,31.403589248657227,31.15021514892578
2014-07-15,31.15021514892578,31.155183792114258
2014-07-16,31.299259185791016,31.50792121887207
2014-07-17,31.418493270874023,31.69671058654785
2014-07-18,31.880531311035156,31.71161460876465
2014-07-21,31.587411880493164,31.567537307739258
2014-07-22,31.701677322387695,32.133907318115234
2014-07-23,32.12397003173828,32.292884826660156
2014-07-24,32.292884826660156,32.248172760009766
2014-07-25,32.19352340698242,32.18855667114258
2014-07-28,32.198490142822266,32.07428741455078
2014-07-29,32.18855667114258,31.955053329467773
2014-07-30,32.07428741455078,31.915307998657227
2014-07-31,31.7215518951416,30.99620246887207
2014-08-01,30.847158432006836,31.12537384033203
2014-08-04,31.130342483520508,31.194927215576172
2014-08-05,31.095565795898438,30.981298446655273
2014-08-06,30.77263641357422,30.852127075195312
2014-08-07,30.981298446655273,30.469579696655273
2014-08-08,29.351749420166016,28.566783905029297
2014-08-11,28.71582794189453,29.113279342651367
2014-08-12,29.033788681030273,28.810222625732422
2014-08-13,28.954299926757812,29.07353401184082
2014-08-14,29.17786407470703,29.197736740112305
2014-08-15,29.31200408935547,29.222578048706055
2014-08-18,29.46601676940918,29.624996185302734
2014-08-19,29.610092163085938,29.729328155517578
2014-08-20,29.74920082092285,29.808818817138672
2014-08-21,29.808818817138672,30.027416229248047
2014-08-22,29.992639541625977,29.709455490112305
2014-08-25,29.818754196166992,29.793914794921875
2014-08-26,29.7392635345459,29.83365821838379
2014-08-27,29.91811752319336,30.007543563842773
2014-08-28,29.843595504760742,29.79888153076172
2014-08-29,29.793914794921875,29.704486846923828
2014-09-02,29.7889461517334,29.923084259033203
2014-09-03,29.933021545410156,29.83365821838379
2014-09-04,29.937990188598633,29.79888153076172
2014-09-05,29.808818817138672,29.933021545410156
2014-09-08,29.82372283935547,29.719392776489258
2014-09-09,29.64487075805664,29.490856170654297
2014-09-10,29.42130470275879,29.684614181518555
2014-09-11,29.600156784057617,29.7392635345459
2014-09-12,29.709455490112305,29.66474151611328
2014-09-15,29.704486846923828,29.610092163085938
2014-09-16,29.615060806274414,29.550474166870117
2014-09-17,29.53557014465332,29.40639877319336
2014-09-18,29.470985412597656,29.411367416381836
2014-09-19,29.53557014465332,29.162960052490234
2014-09-22,29.018884658813477,28.71582794189453
2014-09-23,28.576719284057617,28.43264389038086
2014-09-24,28.38793182373047,28.536975860595703
2014-09-25,28.42270851135254,28.13455581665039
2014-09-26,28.174301147460938,28.13455581665039
2014-09-29,27.990480422973633,29.62002944946289
2014-09-30,30.017480850219727,30.38015365600586
2014-10-01,30.330472946166992,29.307035446166992
2014-10-02,29.316972732543945,29.16792869567871
2014-10-03,29.386526107788086,29.39646339416504
2014-10-06,29.639902114868164,29.436208724975586
2014-10-07,29.282196044921875,28.8151912689209
2014-10-08,28.8151912689209,29.426271438598633
2014-10-09,29.401430130004883,28.636337280273438
2014-10-10,28.656211853027344,28.382963180541992
2014-10-13,28.437612533569336,28.015321731567383
2014-10-14,28.08984375,27.950735092163086
2014-10-15,27.662582397460938,27.50857162475586
2014-10-16,26.97201156616211,27.513538360595703
2014-10-17,27.7768497467041,28.0401611328125
2014-10-20,27.722200393676758,28.139524459838867
2014-10-21,28.243854522705078,29.187801361083984
2014-10-22,29.187801361083984,29.148056030273438
2014-10-23,29.436208724975586,29.37162208557129
2014-10-24,29.4759521484375,29.58525276184082
2014-10-27,29.456079483032227,29.555442810058594
2014-10-28,29.46601676940918,29.694551467895508
2014-10-29,29.694551467895508,29.878372192382812
2014-10-30,29.92805290222168,29.828691482543945
2014-10-31,30.126779556274414,30.007543563842773
2014-11-03,30.032384872436523,29.908180236816406
2014-11-04,29.903213500976562,29.913148880004883
2014-11-05,30.037351608276367,29.99760627746582
2014-11-06,30.037351608276367,29.65480613708496
2014-11-07,28.209077835083008,29.64487075805664
2014-11-10,29.615060806274414,29.46601676940918
2014-11-11,29.485889434814453,29.908180236816406
2014-11-12,29.853530883789062,30.429834365844727
2014-11-13,30.519262313842773,30.63849639892578
2014-11-14,30.653400421142578,30.683210372924805
2014-11-17,30.678241729736328,30.99620246887207
2014-11-18,30.956457138061523,30.812381744384766
2014-11-19,30.752763748168945,30.941553115844727
2014-11-20,30.752763748168945,31.155183792114258
2014-11-21,31.522825241088867,31.040916442871094
2014-11-24,31.180023193359375,31.522825241088867
2014-11-25,31.478111267089844,31.368812561035156
2014-11-26,31.433399200439453,31.443334579467773
2014-11-28,31.50792121887207,31.488048553466797
2014-12-01,31.44830322265625,31.557601928710938
2014-12-02,31.50792121887207,31.84078598022461
2014-12-03,31.860658645629883,32.903968811035156
2014-12-04,32.7946662902832,32.40715408325195
2014-12-05,32.35747146606445,32.57606887817383
2014-12-08,32.38727951049805,32.00970458984375
2014-12-09,31.791105270385742,31.751359939575195
2014-12-10,31.622188568115234,31.189960479736328
2014-12-11,31.254545211791992,31.040916442871094
2014-12-12,30.89187240600586,30.464611053466797
2014-12-15,30.583847045898438,30.767667770385742
2014-12-16,30.57887840270996,30.270854949951172
2014-12-17,30.409963607788086,30.89187240600586
2014-12-18,31.358877182006836,31.656965255737305
2014-12-19,31.810977935791016,31.716583251953125
2014-12-22,31.716583251953125,31.91033935546875
2014-12-23,31.974925994873047,31.855690002441406
2014-12-24,31.940149307250977,31.974925994873047
2014-12-26,32.02957534790039,31.870595932006836
2014-12-29,31.756328582763672,31.786136627197266
2014-12-30,32.00970458984375,32.014671325683594
2014-12-31,31.9351806640625,31.324100494384766
2015-01-02,31.453271865844727,31.4234619140625
2015-01-05,31.23467254638672,30.787540435791016
2015-01-06,30.847158432006836,30.86703109741211
2015-01-07,30.991235733032227,31.09059715270996
2015-01-08,31.279386520385742,31.443334579467773
2015-01-09,31.547666549682617,31.940149307250977
2015-01-12,31.890466690063477,31.393653869628906
2015-01-13,31.54269790649414,31.368812561035156
2015-01-14,31.03097915649414,31.522825241088867
2015-01-15,31.2098331451416,30.981298446655273
2015-01-16,30.95149040222168,31.244609832763672
2015-01-20,31.502952575683594,31.28435516357422
2015-01-21,31.12537384033203,31.050851821899414
2015-01-22,31.24957847595215,31.57747459411621
2015-01-23,31.627155303955078,32.01963806152344
2015-01-26,31.989830017089844,31.642059326171875
2015-01-27,31.254545211791992,31.17505645751953
2015-01-28,31.393653869628906,30.792509078979492
2015-01-29,30.822317123413086,31.219768524169922
2015-01-30,30.802444458007812,30.146650314331055
2015-02-02,29.967798233032227,30.464611053466797
2015-02-03,30.67327308654785,30.827285766601562
2015-02-04,30.782573699951172,31.11543846130371
2015-02-05,31.274417877197266,31.522825241088867
2015-02-06,31.83085060119629,32.30282211303711
2015-02-09,32.20842742919922,32.21339416503906
2015-02-10,29.898244857788086,30.2509822845459
2015-02-11,30.28575897216797,30.871999740600586
2015-02-12,30.941553115844727,32.04447937011719
2015-02-13,32.09912872314453,32.83938217163086
2015-02-17,32.86919021606445,33.13249969482422
2015-02-18,33.107662200927734,33.296451568603516
2015-02-19,33.28651428222656,33.23186492919922
2015-02-20,33.16727828979492,33.25173568725586
2015-02-23,34.3447265625,35.64141082763672
2015-02-24,36.11338424682617,35.194278717041016
2015-02-25,35.08000946044922,35.01542663574219
2015-02-26,35.16447067260742,35.2042121887207
2015-02-27,35.06510543823242,35.23402404785156
2015-03-02,35.23402404785156,35.27376937866211
2015-03-03,35.08994674682617,35.07007598876953
2015-03-04,34.935935974121094,34.8067626953125
2015-03-05,34.776954650878906,34.707401275634766
2015-03-06,34.613006591796875,34.21058654785156
2015-03-09,34.220523834228516,34.3447265625
2015-03-10,34.215553283691406,33.44052505493164
2015-03-11,33.425621032714844,33.11262893676758
2015-03-12,33.14740753173828,33.8330078125
2015-03-13,33.639251708984375,33.470333099365234
2015-03-16,33.753517150878906,33.520015716552734
2015-03-17,33.420654296875,33.13747024536133
2015-03-18,33.08778762817383,33.321292877197266
2015-03-19,33.341163635253906,33.177215576171875
2015-03-20,33.246768951416016,33.152374267578125
2015-03-23,33.23186492919922,33.04307556152344
2015-03-24,33.00333023071289,32.65555953979492
2015-03-25,32.95364761352539,31.974925994873047
2015-03-26,31.83085060119629,32.37734603881836
2015-03-27,32.4468994140625,32.67543411254883
2015-03-30,32.77479553222656,33.013267517089844
2015-03-31,32.829444885253906,32.4319953918457
2015-04-01,32.392250061035156,32.40715408325195
2015-04-02,32.417091369628906,32.48167419433594
2015-04-06,32.297855377197266,32.45683670043945
2015-04-07,32.4468994140625,32.4319953918457
2015-04-08,32.427024841308594,32.18358612060547
2015-04-09,32.23326873779297,32.039512634277344
2015-04-10,32.104095458984375,32.715179443359375
2015-04-13,32.809574127197266,32.49161148071289
2015-04-14,31.984861373901367,32.08919143676758
2015-04-15,32.104095458984375,32.62575149536133
2015-04-16,32.51148223876953,32.710208892822266
2015-04-17,32.54129409790039,32.59097671508789
2015-04-20,32.685367584228516,32.56116485595703
2015-04-21,32.58103942871094,32.322696685791016
2015-04-22,32.417091369628906,32.70524215698242
2015-04-23,32.595943450927734,32.615814208984375
2015-04-24,32.54129409790039,32.571102142333984
2015-04-27,32.54129409790039,32.32766342163086
2015-04-28,32.297855377197266,32.48664474487305
2015-04-29,32.4121208190918,32.198490142822266
2015-04-30,32.133907318115234,32.01963806152344
2015-05-01,32.18855667114258,32.40715408325195
2015-05-04,32.49161148071289,32.61084747314453
2015-05-05,32.392250061035156,32.26804733276367
2015-05-06,32.4121208190918,31.984861373901367
2015-05-07,32.06932067871094,32.084224700927734
2015-05-08,32.128936767578125,32.4468994140625
2015-05-11,32.427024841308594,32.392250061035156
2015-05-12,32.14384078979492,31.920276641845703
2015-05-13,31.890466690063477,32.04944610595703
2015-05-14,32.37237548828125,33.425621032714844
2015-05-15,33.53491973876953,33.67899703979492
2015-05-18,33.639251708984375,33.91746520996094
2015-05-19,33.8677864074707,33.614410400390625
2015-05-20,34.88128662109375,34.4093132019043
2015-05-21,34.25529861450195,34.27517318725586
2015-05-22,34.12116241455078,34.02179718017578
2015-05-26,33.90753173828125,33.52498245239258
2015-05-27,33.852882385253906,34.38447189331055
2015-05-28,34.18574523925781,34.449058532714844
2015-05-29,34.449058532714844,34.08141326904297
2015-06-01,34.16587448120117,33.758487701416016
2015-06-02,33.70383834838867,33.90256118774414
2015-06-03,33.92740249633789,34.21058654785156
2015-06-04,34.00192642211914,33.639251708984375
2015-06-05,33.77339172363281,33.62931442260742
2015-06-08,33.569698333740234,33.31135559082031
2015-06-09,33.33619689941406,33.00333023071289
2015-06-10,33.11759567260742,33.52498245239258
2015-06-11,33.69390106201172,34.468929290771484
2015-06-12,34.220523834228516,33.659122467041016
2015-06-15,33.30141830444336,32.88906478881836
2015-06-16,32.99339294433594,33.25670623779297
2015-06-17,33.27657699584961,33.44052505493164
2015-06-18,33.50014114379883,33.64918899536133
2015-06-19,33.52995300292969,33.639251708984375
2015-06-22,33.84294509887695,33.49020767211914
2015-06-23,33.53989028930664,33.44052505493164
2015-06-24,33.4355583190918,33.13249969482422
2015-06-25,33.25173568725586,32.963584899902344
2015-06-26,33.00333023071289,33.16727828979492
2015-06-29,32.91887283325195,32.665496826171875
2015-06-30,32.913902282714844,32.61084747314453
2015-07-01,32.8443489074707,32.74995422363281
2015-07-02,32.88409423828125,32.83938217163086
2015-07-06,32.48167419433594,32.83938217163086
2015-07-07,32.83441162109375,32.938743591308594
2015-07-08,32.715179443359375,32.402183532714844
2015-07-09,32.79963684082031,32.53632354736328
2015-07-10,32.89899826049805,33.15734100341797
2015-07-13,33.28651428222656,33.470333099365234
2015-07-14,33.41568374633789,33.450462341308594
2015-07-15,33.52498245239258,33.733646392822266
2015-07-16,33.957210540771484,33.683963775634766
2015-07-17,33.64421844482422,33.53491973876953
2015-07-20,33.64421844482422,33.50014114379883
2015-07-21,33.32625961303711,33.04307556152344
2015-07-22,32.913902282714844,33.102691650390625
2015-07-23,33.09772491455078,33.06294631958008
2015-07-24,33.038108825683594,32.521419525146484
2015-07-27,32.28295135498047,32.08919143676758
2015-07-28,32.228302001953125,32.20842742919922
2015-07-29,32.16371536254883,32.31275939941406
2015-07-30,32.153778076171875,32.28791809082031
2015-07-31,32.47174072265625,32.50651550292969
2015-08-03,32.501548767089844,32.417091369628906
2015-08-04,32.427024841308594,32.3624382019043
2015-08-05,32.54129409790039,32.496578216552734
2015-08-06,32.501548767089844,31.567537307739258
2015-08-07,31.78116798400879,32.273014068603516
2015-08-10,32.292884826660156,32.47174072265625
2015-08-11,32.28791809082031,31.895435333251953
2015-08-12,33.50014114379883,33.172245025634766
2015-08-13,33.23683166503906,32.95364761352539
2015-08-14,32.88906478881836,33.520015716552734
2015-08-17,33.44052505493164,33.634281158447266
2015-08-18,33.64421844482422,33.664093017578125
2015-08-19,33.55976104736328,33.04804229736328
2015-08-20,32.70524215698242,32.417091369628906
2015-08-21,32.16371536254883,31.383716583251953
2015-08-24,29.615060806274414,30.05722427368164
2015-08-25,31.035947799682617,29.76410484313965
2015-08-26,30.444740295410156,30.782573699951172
2015-08-27,31.105501174926758,31.120405197143555
2015-08-28,30.9117431640625,31.28435516357422
2015-08-31,31.050851821899414,30.79747772216797
2015-09-01,30.449708938598633,29.868436813354492
2015-09-02,30.067161560058594,30.375186920166016
2015-09-03,30.365249633789062,30.608688354492188
2015-09-04,30.14168357849121,30.101938247680664
2015-09-08,30.63849639892578,30.86703109741211
2015-09-09,31.2247371673584,30.444740295410156
2015-09-10,30.375186920166016,30.787540435791016
2015-09-11,30.60371971130371,30.896839141845703
2015-09-14,30.90180778503418,30.549070358276367
2015-09-15,30.72295570373535,31.016075134277344
2015-09-16,30.921680450439453,31.17505645751953
2015-09-17,31.15021514892578,30.896839141845703
2015-09-18,30.469579696655273,30.2509822845459
2015-09-21,30.47454833984375,30.50932502746582
2015-09-22,30.121810913085938,30.255950927734375
2015-09-23,30.246013641357422,30.2509822845459
2015-09-24,29.947925567626953,30.052257537841797
2015-09-25,30.330472946166992,30.459644317626953
2015-09-28,30.295696258544922,29.744232177734375
2015-09-29,29.76410484313965,29.71442413330078
2015-09-30,29.992639541625977,30.494421005249023
2015-10-01,30.554039001464844,30.50932502746582
2015-10-02,30.121810913085938,30.99620246887207
2015-10-05,31.14027976989746,31.428430557250977
2015-10-06,31.299259185791016,31.368812561035156
2015-10-07,31.49301528930664,31.572507858276367
2015-10-08,31.44830322265625,31.960020065307617
2015-10-09,31.940149307250977,32.12397003173828
2015-10-12,32.20842742919922,32.297855377197266
2015-10-13,32.14384078979492,32.13887405395508
2015-10-14,32.079254150390625,31.960020065307617
2015-10-15,32.02460861206055,31.845754623413086
2015-10-16,31.895435333251953,31.955053329467773
2015-10-19,31.905372619628906,31.989830017089844
2015-10-20,31.960020065307617,32.16868209838867
2015-10-21,32.322696685791016,32.21339416503906
2015-10-22,32.501548767089844,32.740020751953125
2015-10-23,33.06294631958008,32.94371032714844
2015-10-26,32.92880630493164,32.9735221862793
2015-10-27,32.84931945800781,32.81950759887695
2015-10-28,32.95364761352539,33.3063850402832
2015-10-29,33.18715286254883,32.879127502441406
2015-10-30,33.00333023071289,33.082820892333984
2015-11-02,33.09772491455078,33.48523712158203
2015-11-03,33.4355583190918,33.52995300292969
2015-11-04,33.66905975341797,33.8330078125
2015-11-05,33.60944366455078,33.28651428222656
2015-11-06,33.25670623779297,33.659122467041016
2015-11-09,33.54982376098633,33.50014114379883
2015-11-10,33.39084243774414,33.3063850402832
2015-11-11,33.41071701049805,33.33619689941406
2015-11-12,33.197086334228516,32.97848892211914
2015-11-13,32.829444885253906,32.19352340698242
2015-11-16,32.09416198730469,34.16587448120117
2015-11-17,32.09416198730469,35.01045608520508
2015-11-18,35.169437408447266,35.04026412963867
2015-11-19,35.005489349365234,34.79682540893555
2015-11-20,34.99555206298828,34.67262268066406
2015-11-23,34.64281463623047,34.752113342285156
2015-11-24,34.66268539428711,34.55835723876953
2015-11-25,34.52357864379883,34.50867462158203
2015-11-27,34.3447265625,34.09135055541992
2015-11-30,26.686851501464844,27.102075576782227
2015-12-01,27.067474365234375,27.102075576782227
2015-12-02,27.03287124633789,26.704151153564453
2015-12-03,26.721452713012695,26.01211166381836
2015-12-04,26.01211166381836,26.479238510131836
2015-12-07,26.384082794189453,26.626298904418945
2015-12-08,26.25432586669922,26.3494815826416
2015-12-09,26.401384353637695,26.39273452758789
2015-12-10,26.36678123474121,26.48788833618164
2015-12-11,26.141868591308594,25.769895553588867
2015-12-14,25.856401443481445,25.882352828979492
2015-12-15,26.141868591308594,26.219722747802734
2015-12-16,26.47058868408203,27.13667869567871
2015-12-17,27.102075576782227,27.145328521728516
2015-12-18,27.05882453918457,27.25778579711914
2015-12-21,27.352941513061523,27.897924423217773
2015-12-22,27.871971130371094,27.871971130371094
2015-12-23,27.897924423217773,28.581314086914062
2015-12-24,28.54671287536621,28.693771362304688
2015-12-28,28.62456703186035,28.598615646362305
2015-12-29,28.5899658203125,28.676471710205078
2015-12-30,28.676471710205078,28.6505184173584
2015-12-31,28.503459930419922,28.269895553588867
2016-01-04,27.56055450439453,27.370241165161133
2016-01-05,27.370241165161133,26.859861373901367
2016-01-06,26.479238510131836,26.59169578552246
2016-01-07,26.098615646362305,26.228374481201172
2016-01-08,26.33218002319336,25.519031524658203
2016-01-11,25.54498291015625,25.5795841217041
2016-01-12,25.778547286987305,25.78719711303711
2016-01-13,25.92560577392578,24.930795669555664
2016-01-14,25.086505889892578,25.48442840576172
2016-01-15,24.723182678222656,25.138408660888672
2016-01-19,25.432525634765625,24.982698440551758
2016-01-20,24.49827003479004,25.276817321777344
2016-01-21,25.250865936279297,24.92214584350586
2016-01-22,25.389272689819336,26.262975692749023
2016-01-25,26.219722747802734,25.769895553588867
2016-01-26,25.795848846435547,26.185121536254883
2016-01-27,26.1505184173584,26.271625518798828
2016-01-28,26.660900115966797,26.608997344970703
2016-01-29,26.75605583190918,27.74221420288086
2016-02-01,27.595155715942383,27.45674705505371
2016-02-02,27.25778579711914,27.084775924682617
2016-02-03,27.30103874206543,27.05882453918457
2016-02-04,27.024221420288086,27.603805541992188
2016-02-05,27.56055450439453,27.2404842376709
2016-02-08,26.600345611572266,26.557092666625977
2016-02-09,26.306228637695312,26.643598556518555
2016-02-10,20.994810104370117,23.979238510131836
2016-02-11,23.555362701416016,23.399654388427734
2016-02-12,23.572664260864258,23.89273452758789
2016-02-16,24.307958602905273,23.9100341796875
2016-02-17,24.03114128112793,24.238754272460938
2016-02-18,24.17820167541504,23.814878463745117
2016-02-19,23.52941131591797,23.74567413330078
2016-02-22,24.065744400024414,24.03114128112793
2016-02-23,24.005189895629883,23.944637298583984
2016-02-24,23.442907333374023,24.039791107177734
2016-02-25,24.065744400024414,24.117647171020508
2016-02-26,24.282007217407227,24.679931640625
2016-02-29,24.602075576782227,24.92214584350586
2016-03-01,25.112457275390625,25.735294342041016
2016-03-02,25.735294342041016,26.141868591308594
2016-03-03,26.16781997680664,26.617647171020508
2016-03-04,26.608997344970703,26.39273452758789
2016-03-07,26.33218002319336,26.557092666625977
2016-03-08,26.4100341796875,25.977508544921875
2016-03-09,26.16781997680664,26.219722747802734
2016-03-10,26.271625518798828,26.038061141967773
2016-03-11,26.237024307250977,26.435985565185547
2016-03-14,26.418685913085938,26.496540069580078
2016-03-15,26.37543296813965,26.730104446411133
2016-03-16,26.65224838256836,26.721452713012695
2016-03-17,26.738754272460938,27.326990127563477
2016-03-18,27.30103874206543,27.19723129272461
2016-03-21,27.11937713623047,27.31833839416504
2016-03-22,27.25778579711914,27.33563995361328
2016-03-23,27.30103874206543,27.37889289855957
2016-03-24,27.231834411621094,27.56055450439453
2016-03-28,27.647058486938477,27.993080139160156
2016-03-29,27.94117546081543,28.961938858032227
2016-03-30,29.07439422607422,29.437715530395508
2016-03-31,29.437715530395508,29.749134063720703
2016-04-01,29.480968475341797,29.645328521728516
2016-04-04,29.679931640625,29.15224838256836
2016-04-05,28.95328712463379,28.728374481201172
2016-04-06,28.728374481201172,28.979238510131836
2016-04-07,28.89273452758789,28.520761489868164
2016-04-08,28.74567413330078,28.823528289794922
2016-04-11,28.98788833618164,28.6505184173584
2016-04-12,28.659170150756836,28.719722747802734
2016-04-13,28.434255599975586,28.823528289794922
2016-04-14,28.771625518798828,28.927335739135742
2016-04-15,29.01384162902832,28.918685913085938
2016-04-18,28.71107292175293,28.901384353637695
2016-04-19,28.918685913085938,28.60726547241211
2016-04-20,28.66781997680664,28.66781997680664
2016-04-21,28.581314086914062,28.615917205810547
2016-04-22,28.52941131591797,28.75432586669922
2016-04-25,28.572664260864258,28.564014434814453
2016-04-26,28.60726547241211,28.78892707824707
2016-04-27,28.780277252197266,29.039791107177734
2016-04-28,28.95328712463379,28.823528289794922
2016-04-29,28.78892707824707,28.659170150756836
2016-05-02,28.685121536254883,28.996540069580078
2016-05-03,28.83218002319336,28.5899658203125
2016-05-04,28.451557159423828,28.28719711303711
2016-05-05,28.22664451599121,28.5899658203125
2016-05-06,28.40830421447754,29.01384162902832
2016-05-09,29.07439422607422,29.048442840576172
2016-05-10,29.204151153564453,29.506919860839844
2016-05-11,29.41176414489746,29.204151153564453
2016-05-12,29.37716293334961,29.1695499420166
2016-05-13,29.186851501464844,29.264705657958984
2016-05-16,29.27335548400879,29.749134063720703
2016-05-17,29.775087356567383,29.4204158782959
2016-05-18,29.4204158782959,29.567474365234375
2016-05-19,29.541521072387695,29.792388916015625
2016-05-20,29.81833839416504,30.28546714782715
2016-05-23,30.2595157623291,30.276817321777344
2016-05-24,30.34602165222168,30.839099884033203
2016-05-25,41.01211166381836,43.81488037109375
2016-05-26,43.719722747802734,41.686851501464844
2016-05-27,41.63494873046875,42.595157623291016
2016-05-31,42.595157623291016,42.56055450439453
2016-06-01,42.231834411621094,42.3788948059082
2016-06-02,42.309688568115234,43.62456512451172
2016-06-03,43.321800231933594,43.99654006958008
2016-06-06,43.944637298583984,44.662628173828125
2016-06-07,44.550174713134766,44.731834411621094
2016-06-08,44.731834411621094,45.34601974487305
2016-06-09,45.112457275390625,45.415225982666016
2016-06-10,44.8010368347168,44.679931640625
2016-06-13,44.411766052246094,44.60207748413086
2016-06-14,44.46366882324219,44.714534759521484
2016-06-15,44.7491340637207,44.69723129272461
2016-06-16,44.23875427246094,44.117645263671875
2016-06-17,43.91868591308594,43.51211166381836
2016-06-20,44.091697692871094,44.2301025390625
2016-06-21,44.282005310058594,44.2301025390625
2016-06-22,44.4290657043457,44.117645263671875
2016-06-23,44.61937713623047,44.81834030151367
2016-06-24,43.313148498535156,42.80276870727539
2016-06-27,42.084774017333984,40.54498291015625
2016-06-28,40.98616027832031,41.16781997680664
2016-06-29,41.678199768066406,41.9809684753418
2016-06-30,42.006919860839844,42.949825286865234
2016-07-01,42.88927459716797,42.759517669677734
2016-07-05,42.47404861450195,42.31834030151367
2016-07-06,42.02421951293945,42.3788948059082
2016-07-07,42.551902770996094,42.214534759521484
2016-07-08,42.68165969848633,42.854671478271484
2016-07-11,43.001731872558594,42.92387390136719
2016-07-12,43.26124572753906,42.534603118896484
2016-07-13,42.73356246948242,42.11937713623047
2016-07-14,42.51729965209961,42.370243072509766
2016-07-15,42.231834411621094,42.050174713134766
2016-07-18,41.989620208740234,42.067474365234375
2016-07-19,42.07612609863281,41.71280288696289
2016-07-20,41.998268127441406,41.998268127441406
2016-07-21,41.85121154785156,41.31488037109375
2016-07-22,41.262977600097656,41.48788833618164
2016-07-25,41.51383972167969,41.48788833618164
2016-07-26,41.522491455078125,41.62629699707031
2016-07-27,41.911766052246094,41.56574249267578
2016-07-28,41.51383972167969,41.262977600097656
2016-07-29,41.28892517089844,41.37543487548828
2016-08-01,41.38408279418945,41.38408279418945
2016-08-02,41.4100341796875,41.16781997680664
2016-08-03,41.141868591308594,41.21107482910156
2016-08-04,41.15052032470703,41.51383972167969
2016-08-05,41.522491455078125,41.97231674194336
2016-08-08,41.9290657043457,41.539791107177734
2016-08-09,41.522491455078125,41.31488037109375
2016-08-10,41.202423095703125,40.5190315246582
2016-08-11,40.56228256225586,40.68339157104492
2016-08-12,40.46712875366211,40.38927459716797
2016-08-15,40.38062286376953,40.960208892822266
2016-08-16,40.74394607543945,40.45847702026367
2016-08-17,40.320068359375,39.567474365234375
2016-08-18,39.567474365234375,39.584774017333984
2016-08-19,39.506919860839844,39.826988220214844
2016-08-22,39.731834411621094,40.46712875366211
2016-08-23,40.717994689941406,40.960208892822266
2016-08-24,40.95155715942383,40.48442840576172
2016-08-25,40.371971130371094,40.62283706665039
2016-08-26,40.72664260864258,39.887542724609375
2016-08-29,39.723182678222656,40.320068359375
2016-08-30,40.42387390136719,40.48442840576172
2016-08-31,40.337371826171875,40.69204330444336
2016-09-01,40.735294342041016,41.202423095703125
2016-09-02,41.51383972167969,42.45674514770508
2016-09-06,42.73356246948242,41.522491455078125
2016-09-07,41.47924041748047,41.297576904296875
2016-09-08,41.202423095703125,40.74394607543945
2016-09-09,40.449825286865234,40.15570831298828
2016-09-12,39.965396881103516,40.821800231933594
2016-09-13,40.5190315246582,39.645328521728516
2016-09-14,39.584774017333984,40.051902770996094
2016-09-15,40.13840866088867,41.920413970947266
2016-09-16,41.79930877685547,42.292388916015625
2016-09-19,42.49134826660156,43.0709342956543
2016-09-20,43.56401443481445,42.65570831298828
2016-09-21,43.37370300292969,44.4290657043457
2016-09-22,44.67127990722656,44.870243072509766
2016-09-23,44.46366882324219,44.61072540283203
2016-09-26,44.186851501464844,44.60207748413086
2016-09-27,44.584774017333984,45.0692024230957
2016-09-28,44.97404861450195,45.76124572753906
2016-09-29,45.79584884643555,45.1989631652832
2016-09-30,45.15570831298828,45.16436004638672
2016-10-03,44.92214584350586,44.870243072509766
2016-10-04,44.83563995361328,44.506919860839844
2016-10-05,44.76643753051758,44.662628173828125
2016-10-06,44.52421951293945,44.7491340637207
2016-10-07,44.57612609863281,43.97924041748047
2016-10-10,44.100345611572266,44.186851501464844
2016-10-11,44.247406005859375,43.68511962890625
2016-10-12,43.78892517089844,44.53287124633789
2016-10-13,44.8010368347168,45.79584884643555
2016-10-14,46.133216857910156,46.87716293334961
2016-10-17,46.88581466674805,46.583045959472656
2016-10-18,47.084774017333984,47.31834030151367
2016-10-19,47.42214584350586,48.06228256225586
2016-10-20,48.05363464355469,47.97578048706055
2016-10-21,47.64706039428711,48.001731872558594
2016-10-24,49.25605392456055,48.62456512451172
2016-10-25,48.6591682434082,48.30449676513672
2016-10-26,48.13148880004883,47.92387390136719
2016-10-27,47.92387390136719,47.128028869628906
2016-10-28,47.145328521728516,47.45674514770508
2016-10-31,47.5,47.10207748413086
2016-11-01,47.231834411621094,46.08131408691406
2016-11-02,46.12456512451172,46.06401443481445
2016-11-03,46.3408317565918,46.262977600097656
2016-11-04,45.22491455078125,48.14878845214844
2016-11-07,48.797576904296875,49.809688568115234
2016-11-08,49.662628173828125,49.8788948059082
2016-11-09,49.25605392456055,50.68339157104492
2016-11-10,51.02075958251953,51.038063049316406
2016-11-11,51.038063049316406,52.6989631652832
2016-11-14,52.820068359375,52.36159133911133
2016-11-15,52.370243072509766,52.92387390136719
2016-11-16,52.84601974487305,53.13148880004883
2016-11-17,53.28719711303711,53.93598556518555
2016-11-18,54.022491455078125,53.80622863769531
2016-11-21,54.264705657958984,53.43425750732422
2016-11-22,53.460208892822266,52.42214584350586
2016-11-23,52.534603118896484,53.3390998840332
2016-11-25,53.66781997680664,53.252593994140625
2016-11-28,53.330448150634766,52.6989631652832
2016-11-29,52.81142044067383,53.36505126953125
2016-11-30,53.321800231933594,52.448097229003906
2016-12-01,52.57785415649414,51.28892517089844
2016-12-02,51.39273452758789,51.18511962890625
2016-12-05,51.600345611572266,51.56574249267578
2016-12-06,51.43598556518555,51.461936950683594
2016-12-07,51.461936950683594,52.82872009277344
2016-12-08,52.90657424926758,53.546714782714844
2016-12-09,53.399654388427734,52.5692024230957
2016-12-12,52.3788948059082,52.50865173339844
2016-12-13,52.71626281738281,52.74221420288086
2016-12-14,52.86332321166992,52.45674514770508
2016-12-15,52.387542724609375,53.088233947753906
2016-12-16,53.2698974609375,52.10207748413086
2016-12-19,51.69550323486328,52.6989631652832
2016-12-20,52.465396881103516,53.321800231933594
2016-12-21,52.45674514770508,52.81142044067383
2016-12-22,52.97578048706055,52.48270034790039
2016-12-23,52.448097229003906,52.66436004638672
2016-12-27,52.7508659362793,52.84601974487305
2016-12-28,52.71626281738281,51.57439422607422
2016-12-29,51.70415115356445,51.669551849365234
2016-12-30,51.53114318847656,51.40138244628906
2017-01-03,51.461936950683594,49.567474365234375
2017-01-04,49.965396881103516,51.453285217285156
2017-01-05,51.297576904296875,51.32352828979492
2017-01-06,51.25432586669922,51.842559814453125
2017-01-09,51.85986328125,51.73875427246094
2017-01-10,51.583045959472656,52.3788948059082
2017-01-11,52.15398025512695,52.551902770996094
2017-01-12,52.370243072509766,52.45674514770508
2017-01-13,52.6211051940918,53.88408279418945
2017-01-17,53.944637298583984,53.416954040527344
2017-01-18,53.416954040527344,53.80622863769531
2017-01-19,53.97058868408203,53.866783142089844
2017-01-20,53.866783142089844,54.05709457397461
2017-01-23,53.91868591308594,50.80449676513672
2017-01-24,51.141868591308594,52.17127990722656
2017-01-25,52.88927459716797,52.854671478271484
2017-01-26,53.12283706665039,52.86332321166992
2017-01-27,53.157440185546875,53.60726547241211
2017-01-30,53.3910026550293,53.02768325805664
2017-01-31,52.79411697387695,53.80622863769531
2017-02-01,53.961936950683594,53.84947967529297
2017-02-02,53.66781997680664,54.45501708984375
2017-02-03,56.617645263671875,60.510379791259766
2017-02-06,60.510379791259766,61.747406005859375
2017-02-07,61.80795669555664,61.15052032470703
2017-02-08,61.10726547241211,61.219722747802734
2017-02-09,60.87370300292969,61.41868591308594
2017-02-10,61.49654006958008,61.262977600097656
2017-02-13,61.678199768066406,60.8910026550293
2017-02-14,60.5190315246582,60.674739837646484
2017-02-15,60.752593994140625,60.72664260864258
2017-02-16,61.08131408691406,61.280277252197266
2017-02-17,61.046714782714844,61.038063049316406
2017-02-21,61.366783142089844,61.47058868408203
2017-02-22,61.16781997680664,61.18511962890625
2017-02-23,61.51383972167969,60.337371826171875
2017-02-24,58.81488037109375,59.77508544921875
2017-02-27,59.826988220214844,59.30795669555664
2017-02-28,59.29065704345703,59.30795669555664
2017-03-01,59.83563995361328,61.055362701416016
2017-03-02,60.735294342041016,60.579586029052734
2017-03-03,60.674739837646484,60.42387390136719
2017-03-06,59.86159133911133,59.39446258544922
2017-03-07,59.178199768066406,59.07439422607422
2017-03-08,59.12629699707031,59.33391189575195
2017-03-09,59.178199768066406,59.68857955932617
2017-03-10,59.45501708984375,59.740482330322266
2017-03-13,59.67127990722656,59.52421951293945
2017-03-14,59.091697692871094,59.29065704345703
2017-03-15,59.44636535644531,60.01729965209961
2017-03-16,60.10380554199219,59.506919860839844
2017-03-17,59.84429168701172,57.595157623291016
2017-03-20,57.759517669677734,57.74221420288086
2017-03-21,57.785465240478516,56.25432586669922
2017-03-22,56.65224838256836,56.94636535644531
2017-03-23,56.444637298583984,58.16608810424805
2017-03-24,58.737022399902344,58.68511962890625
2017-03-27,57.96712875366211,58.866783142089844
2017-03-28,59.12629699707031,59.7491340637207
2017-03-29,59.9307975769043,62.90657424926758
2017-03-30,63.14013671875,61.54844284057617
2017-03-31,61.49654006958008,59.69723129272461
2017-04-03,59.965396881103516,58.780277252197266
2017-04-04,59.325260162353516,60.034603118896484
2017-04-05,60.52768325805664,62.10207748413086
2017-04-06,62.90657424926758,64.6020736694336
2017-04-07,64.35986328125,65.63148498535156
2017-04-10,65.65744018554688,64.6280288696289
2017-04-11,64.10899353027344,64.25605773925781
2017-04-12,64.04844665527344,65.85639953613281
2017-04-13,65.47577667236328,66.18511962890625
2017-04-17,66.43598937988281,66.60899353027344
2017-04-18,66.34947967529297,65.21626281738281
2017-04-19,65.88235473632812,65.09515380859375
2017-04-20,65.32872009277344,65.30276489257812
2017-04-21,65.5017318725586,66.02075958251953
2017-04-24,66.58304595947266,65.47577667236328
2017-04-25,65.23356628417969,65.85639953613281
2017-04-26,66.02941131591797,65.86505126953125
2017-04-27,66.02941131591797,65.64013671875
2017-04-28,65.64013671875,65.17301177978516
2017-05-01,65.20761108398438,66.0899658203125
2017-05-02,66.11591339111328,66.5916976928711
2017-05-03,66.47058868408203,66.84255981445312
2017-05-04,67.3702392578125,67.09342956542969
2017-05-05,67.29238891601562,67.81141662597656
2017-05-08,67.59515380859375,67.82872009277344
2017-05-09,69.14360046386719,68.33910369873047
2017-05-10,68.39100646972656,68.86678314208984
2017-05-11,68.52941131591797,68.70242309570312
2017-05-12,68.7283706665039,68.87543487548828
2017-05-15,68.89273071289062,69.66262817382812
2017-05-16,69.80104064941406,69.71453094482422
2017-05-17,69.71453094482422,68.14878845214844
2017-05-18,68.07958221435547,67.5778579711914
2017-05-19,67.54325103759766,67.53459930419922
2017-05-22,67.56055450439453,67.88927459716797
2017-05-23,67.86331939697266,67.70761108398438
2017-05-24,67.9498291015625,67.43079376220703
2017-05-25,67.94117736816406,68.02767944335938
2017-05-26,68.7802734375,68.04498291015625
2017-05-30,67.56055450439453,67.7681655883789
2017-05-31,67.67301177978516,67.05882263183594
2017-06-01,66.86851501464844,66.7301025390625
2017-06-02,66.60899353027344,67.11937713623047
2017-06-05,66.9117660522461,67.25778198242188
2017-06-06,67.05882263183594,66.49653625488281
2017-06-07,66.50518798828125,66.4100341796875
2017-06-08,66.4100341796875,65.87370300292969
2017-06-09,65.65744018554688,64.96540069580078
2017-06-12,64.64533233642578,65.35466766357422
2017-06-13,65.24221801757812,65.68338775634766
2017-06-14,65.74394226074219,64.69723510742188
2017-06-15,64.06574249267578,64.10034942626953
2017-06-16,63.69377136230469,64.74048614501953
2017-06-19,64.87889099121094,66.3581314086914
2017-06-20,66.09861755371094,65.67474365234375
2017-06-21,65.74394226074219,66.10726928710938
2017-06-22,66.21107482910156,66.36678314208984
2017-06-23,65.97750854492188,67.8719711303711
2017-06-26,67.51730346679688,68.20934295654297
2017-06-27,67.94117736816406,67.05882263183594
2017-06-28,67.38754272460938,67.820068359375
2017-06-29,67.6384048461914,67.94117736816406
2017-06-30,67.66436004638672,66.36678314208984
2017-07-03,66.40138244628906,65.70069122314453
2017-07-05,65.70069122314453,65.95155334472656
2017-07-06,65.91695404052734,66.18511962890625
2017-07-07,66.18511962890625,67.00691986083984
2017-07-10,66.92041778564453,67.34429168701172
2017-07-11,67.40484619140625,67.24048614501953
2017-07-12,67.6903076171875,68.06228637695312
2017-07-13,68.06228637695312,67.95848083496094
2017-07-14,68.18338775634766,67.91522216796875
2017-07-17,67.92387390136719,67.65570831298828
2017-07-18,67.6816635131836,67.45674896240234
2017-07-19,67.47404479980469,68.0882339477539
2017-07-20,67.92387390136719,68.02767944335938
2017-07-21,67.93252563476562,69.15225219726562
2017-07-24,69.20415496826172,69.42041778564453
2017-07-25,69.50691986083984,69.25605773925781
2017-07-26,69.25605773925781,69.25605773925781
2017-07-27,69.39446258544922,67.88927459716797
2017-07-28,67.82872009277344,67.84602355957031
2017-07-31,67.94117736816406,67.80276489257812
2017-08-01,68.12283325195312,68.62456512451172
2017-08-02,68.31314849853516,67.56920623779297
2017-08-03,67.79412078857422,67.85466766357422
2017-08-04,67.8979263305664,68.09688568115234
2017-08-07,68.03633117675781,68.22664642333984
2017-08-08,67.8719711303711,67.03287506103516
2017-08-09,68.92733764648438,71.7820053100586
2017-08-10,71.09861755371094,70.30276489257812
2017-08-11,70.46712493896484,70.97750854492188
2017-08-14,71.63494873046875,72.86331939697266
2017-08-15,73.05363464355469,73.8321762084961
2017-08-16,73.84082794189453,74.21280670166016
2017-08-17,73.9619369506836,72.30104064941406
2017-08-18,72.24913787841797,72.09342956542969
2017-08-21,72.11937713623047,72.03287506103516
2017-08-22,72.2318344116211,73.97058868408203
2017-08-23,73.46885681152344,73.5899658203125
2017-08-24,73.9619369506836,73.55536651611328
2017-08-25,73.8581314086914,73.42560577392578
2017-08-28,73.43425750732422,73.34774780273438
2017-08-29,72.93252563476562,73.2698974609375
2017-08-30,73.17474365234375,73.03633117675781
2017-08-31,73.42560577392578,73.52941131591797
2017-09-01,73.6418685913086,73.45155334472656
2017-09-05,73.1920394897461,73.04498291015625
2017-09-06,73.03633117675781,72.67301177978516
2017-09-07,72.88927459716797,72.9498291015625
2017-09-08,72.91522216796875,72.81141662597656
2017-09-11,73.39100646972656,73.74567413330078
2017-09-12,74.02249145507812,74.31661224365234
2017-09-13,74.22145080566406,73.84082794189453
2017-09-14,73.5121078491211,73.87543487548828
2017-09-15,74.20415496826172,73.5899658203125
2017-09-18,73.59861755371094,73.39965057373047
2017-09-19,73.44290924072266,73.33045196533203
2017-09-20,73.3218002319336,73.43425750732422
2017-09-21,73.11418914794922,73.39100646972656
2017-09-22,73.02767944335938,73.97058868408203
2017-09-25,73.81488037109375,73.15744018554688
2017-09-26,73.06228637695312,72.6816635131836
2017-09-27,73.18338775634766,73.20069122314453
2017-09-28,72.88062286376953,73.34774780273438
2017-09-29,73.11418914794922,74.29065704345703
2017-10-02,74.29065704345703,73.8321762084961
2017-10-03,73.84947967529297,73.62456512451172
2017-10-04,73.62456512451172,73.9619369506836
2017-10-05,73.93598937988281,74.20415496826172
2017-10-06,74.2820053100586,75.64013671875
2017-10-09,75.95155334472656,76.47924041748047
2017-10-10,76.4878921508789,76.20242309570312
2017-10-11,75.97750854492188,75.8218002319336
2017-10-12,79.63668060302734,78.89273071289062
2017-10-13,79.23875427246094,78.75432586669922
2017-10-16,78.7716293334961,79.14360046386719
2017-10-17,79.05709075927734,79.679931640625
2017-10-18,80.14705657958984,79.21280670166016
2017-10-19,78.7197265625,78.74567413330078
2017-10-20,79.16954803466797,79.48961639404297
2017-10-23,79.82698822021484,79.14360046386719
2017-10-24,79.06574249267578,79.07439422607422
2017-10-25,78.84947967529297,78.39965057373047
2017-10-26,78.9878921508789,78.65917205810547
2017-10-27,78.75432586669922,79.50691986083984
2017-10-30,79.29930877685547,78.87543487548828
2017-10-31,78.93598937988281,79.16954803466797
2017-11-01,79.57612609863281,79.15225219726562
2017-11-02,78.7802734375,78.45155334472656
2017-11-03,78.42560577392578,79.10899353027344
2017-11-06,78.8581314086914,80.46712493896484
2017-11-07,80.41522216796875,80.04325103759766
2017-11-08,83.9100341796875,83.69377136230469
2017-11-09,83.56401062011719,81.85986328125
2017-11-10,81.82525634765625,82.99308013916016
2017-11-13,82.95848083496094,83.73702239990234
2017-11-14,83.65052032470703,82.83737182617188
2017-11-15,82.49134826660156,83.03633117675781
2017-11-16,83.14878845214844,84.18685150146484
2017-11-17,83.81488037109375,83.82353210449219
2017-11-20,83.9100341796875,84.69723510742188
2017-11-21,85.23356628417969,85.65744018554688
2017-11-22,85.47577667236328,84.59342956542969
2017-11-24,84.93944549560547,84.56747436523438
2017-11-27,84.8615951538086,84.37716674804688
2017-11-28,84.77508544921875,84.77508544921875
2017-11-29,84.8183364868164,82.6297607421875
2017-11-30,82.93252563476562,83.16609191894531
2017-12-01,83.13148498535156,82.6816635131836
2017-12-04,82.8979263305664,80.64013671875
2017-12-05,80.06055450439453,80.33737182617188
2017-12-06,80.38927459716797,80.77854919433594
2017-12-07,80.70934295654297,81.87716674804688
2017-12-08,82.179931640625,82.98442840576172
2017-12-11,82.85466766357422,82.84602355957031
2017-12-12,82.82872009277344,81.9982681274414
2017-12-13,81.98097229003906,82.13668060302734
2017-12-14,82.13668060302734,81.4878921508789
2017-12-15,82.11937713623047,82.39619445800781
2017-12-18,82.8979263305664,82.96712493896484
2017-12-19,82.82872009277344,82.11937713623047
2017-12-20,82.69895935058594,82.50865173339844
2017-12-21,82.91522216796875,83.3218002319336
2017-12-22,83.09688568115234,82.9498291015625
2017-12-26,82.7681655883789,82.95848083496094
2017-12-27,83.09688568115234,81.94636535644531
2017-12-28,81.96366882324219,82.15397644042969
2017-12-29,82.25778198242188,82.09342956542969
2018-01-02,82.09342956542969,82.22318267822266
2018-01-03,82.59515380859375,83.7802734375
2018-01-04,84.26470947265625,85.79584503173828
2018-01-05,86.07266235351562,87.0501708984375
2018-01-08,87.01557159423828,86.98097229003906
2018-01-09,87.11072540283203,87.91522216796875
2018-01-10,87.24913787841797,87.56920623779297
2018-01-11,87.820068359375,87.4480972290039
2018-01-12,87.69895935058594,87.62110900878906
2018-01-16,88.05363464355469,87.4221420288086
2018-01-17,87.71626281738281,87.03287506103516
2018-01-18,86.83390808105469,86.92041778564453
2018-01-19,87.3702392578125,87.35294342041016
2018-01-22,87.15397644042969,87.98442840576172
2018-01-23,88.02767944335938,88.1920394897461
2018-01-24,88.23529052734375,87.53459930419922
2018-01-25,87.820068359375,88.11418914794922
2018-01-26,88.41695404052734,88.6678237915039
2018-01-29,88.61591339111328,86.60899353027344
2018-01-30,86.36678314208984,85.64013671875
2018-01-31,86.94636535644531,86.11591339111328
2018-02-01,85.59688568115234,86.06401062011719
2018-02-02,85.7179946899414,85.54498291015625
2018-02-05,85.1384048461914,83.12283325195312
2018-02-06,81.43598937988281,82.99308013916016
2018-02-07,82.6816635131836,83.11418914794922
2018-02-08,83.09688568115234,79.51557159423828
2018-02-09,81.83390808105469,83.90138244628906
2018-02-12,84.55882263183594,84.68858337402344
2018-02-13,83.9878921508789,84.11764526367188
2018-02-14,83.52075958251953,86.62629699707031
2018-02-15,87.06747436523438,87.4480972290039
2018-02-16,87.2318344116211,87.21453094482422
2018-02-20,86.58304595947266,87.08477783203125
2018-02-21,87.15397644042969,87.26643371582031
2018-02-22,87.54325103759766,87.46540069580078
2018-02-23,88.13148498535156,89.9480972290039
2018-02-26,90.0778579711914,90.51902770996094
2018-02-27,90.34602355957031,89.22145080566406
2018-02-28,90.02595520019531,88.70242309570312
2018-03-01,88.97924041748047,87.3096923828125
2018-03-02,86.54844665527344,87.45674896240234
2018-03-05,87.04151916503906,88.23529052734375
2018-03-06,88.7802734375,88.10553741455078
2018-03-07,87.26643371582031,88.58131408691406
2018-03-08,88.67646789550781,89.24740600585938
2018-03-09,89.96540069580078,92.3183364868164
2018-03-12,92.50865173339844,91.76470947265625
2018-03-13,92.4221420288086,91.7301025390625
2018-03-14,92.26643371582031,90.25951385498047
2018-03-15,90.40657043457031,90.34602355957031
2018-03-16,90.3979263305664,90.40657043457031
2018-03-19,90.12110900878906,91.47924041748047
2018-03-20,91.52249145507812,92.82872009277344
2018-03-21,92.62110900878906,92.02422332763672
2018-03-22,91.17646789550781,89.13494873046875
2018-03-23,89.16954803466797,87.71626281738281
2018-03-26,89.02249145507812,89.91349792480469
2018-03-27,90.46712493896484,88.20934295654297
2018-03-28,88.36505126953125,87.02422332763672
2018-03-29,87.43079376220703,86.96366882324219
2018-04-02,87.05882263183594,86.05536651611328
2018-04-03,86.1678237915039,86.61764526367188
2018-04-04,85.19895935058594,87.7681655883789
2018-04-05,88.4083023071289,88.34774780273438
2018-04-06,87.65570831298828,86.29757690429688
2018-04-09,86.51383972167969,86.539794921875
2018-04-10,87.86331939697266,88.69377136230469
2018-04-11,87.92387390136719,88.65052032470703
2018-04-12,89.31661224365234,89.96540069580078
2018-04-13,90.40657043457031,89.16954803466797
2018-04-16,89.99134826660156,89.97404479980469
2018-04-17,90.64878845214844,90.23356628417969
2018-04-18,90.23356628417969,90.38927459716797
2018-04-19,89.85294342041016,90.01730346679688
2018-04-20,90.1384048461914,89.54151916503906
2018-04-23,89.9480972290039,89.96540069580078
2018-04-24,90.15570831298828,89.10034942626953
2018-04-25,88.82353210449219,88.07958221435547
2018-04-26,88.52075958251953,89.6280288696289
2018-04-27,89.6280288696289,89.51557159423828
2018-04-30,89.85294342041016,89.15225219726562
2018-05-01,89.23875427246094,88.9100341796875
2018-05-02,88.84082794189453,87.9498291015625
2018-05-03,87.5778579711914,87.5519027709961
2018-05-04,87.24048614501953,88.24394226074219
2018-05-07,88.18338775634766,87.6816635131836
2018-05-08,87.3183364868164,88.86678314208984
2018-05-09,89.01383972167969,89.48097229003906
2018-05-10,89.68858337402344,90.19895935058594
2018-05-11,90.22491455078125,90.48442840576172
2018-05-14,90.84774780273438,88.73702239990234
2018-05-15,88.49481201171875,87.25778198242188
2018-05-16,87.3183364868164,87.16262817382812
2018-05-17,87.24048614501953,86.42733764648438
2018-05-18,86.39273071289062,86.70415496826172
2018-05-21,87.02422332763672,87.34429168701172
2018-05-22,87.3702392578125,85.97750854492188
2018-05-23,85.47577667236328,86.57439422607422
2018-05-24,86.85986328125,86.24567413330078
2018-05-25,86.07266235351562,81.49653625488281
2018-05-29,80.35466766357422,77.84602355957031
2018-05-30,79.70587921142578,80.16436004638672
2018-05-31,80.19895935058594,79.679931640625
2018-06-01,80.83000183105469,79.68000030517578
2018-06-04,83.2300033569336,84.29000091552734
2018-06-05,83.87000274658203,83.94000244140625
2018-06-06,83.7699966430664,84.75
2018-06-07,85.0,84.4000015258789
2018-06-08,84.38999938964844,85.54000091552734
2018-06-11,85.5,84.9000015258789
2018-06-12,85.19000244140625,84.69000244140625
2018-06-13,84.7300033569336,84.4800033569336
2018-06-14,84.51000213623047,84.44999694824219
2018-06-15,84.44999694824219,83.86000061035156
2018-06-18,82.77999877929688,83.6500015258789
2018-06-19,82.58999633789062,83.05999755859375
2018-06-20,83.61000061035156,82.31999969482422
2018-06-21,82.1500015258789,81.08000183105469
2018-06-22,81.80999755859375,80.8499984741211
2018-06-25,80.69000244140625,78.83000183105469
2018-06-26,78.87000274658203,78.5
2018-06-27,78.66999816894531,78.61000061035156
2018-06-28,78.62000274658203,79.9800033569336
2018-06-29,80.1500015258789,80.61000061035156
2018-07-02,79.66999816894531,82.0
2018-07-03,82.41999816894531,82.0
2018-07-05,82.36000061035156,83.19999694824219
2018-07-06,83.16999816894531,83.55000305175781
2018-07-09,83.54000091552734,84.22000122070312
2018-07-10,84.55999755859375,84.98999786376953
2018-07-11,84.12999725341797,84.05000305175781
2018-07-12,84.5,85.63999938964844
2018-07-13,85.5199966430664,86.1500015258789
2018-07-16,86.36000061035156,85.72000122070312
2018-07-17,85.58999633789062,86.54000091552734
2018-07-18,86.4000015258789,87.0999984741211
2018-07-19,87.05000305175781,87.16999816894531
2018-07-20,87.02999877929688,87.04000091552734
2018-07-23,87.0199966430664,87.69000244140625
2018-07-24,88.29000091552734,86.94000244140625
2018-07-25,86.9800033569336,88.23999786376953
2018-07-26,88.22000122070312,87.16999816894531
2018-07-27,87.2300033569336,85.87000274658203
2018-07-30,85.93000030517578,84.51000213623047
2018-07-31,84.87999725341797,84.73999786376953
2018-08-01,84.37000274658203,85.88999938964844
2018-08-02,84.94999694824219,86.0999984741211
2018-08-03,86.51000213623047,86.4000015258789
2018-08-06,86.19999694824219,86.9000015258789
2018-08-07,87.23999786376953,87.08000183105469
2018-08-08,89.30000305175781,88.98999786376953
2018-08-09,88.9000015258789,87.25
2018-08-10,86.5199966430664,86.0999984741211
2018-08-13,86.0199966430664,84.58999633789062
2018-08-14,84.7699966430664,86.55999755859375
2018-08-15,86.20999908447266,86.5199966430664
2018-08-16,87.44000244140625,86.75
2018-08-17,86.5,87.37000274658203
2018-08-20,87.37999725341797,87.68000030517578
2018-08-21,87.56999969482422,88.19999694824219
2018-08-22,87.87999725341797,88.43000030517578
2018-08-23,88.5199966430664,88.61000061035156
2018-08-24,88.93000030517578,89.63999938964844
2018-08-27,90.22000122070312,89.7699966430664
2018-08-28,89.88999938964844,90.05999755859375
2018-08-29,90.23999786376953,91.13999938964844
2018-08-30,90.98999786376953,90.66000366210938
2018-08-31,90.41000366210938,91.08999633789062
2018-09-04,90.4000015258789,90.70999908447266
2018-09-05,90.44999694824219,90.06999969482422
2018-09-06,89.8499984741211,90.83000183105469
2018-09-07,90.55999755859375,90.19999694824219
2018-09-10,90.51000213623047,89.7699966430664
2018-09-11,89.7699966430664,90.04000091552734
2018-09-12,90.0,91.41999816894531
2018-09-13,91.80999755859375,92.54000091552734
2018-09-14,92.7300033569336,92.45999908447266
2018-09-17,92.69000244140625,92.73999786376953
2018-09-18,92.73999786376953,92.8499984741211
2018-09-19,92.98999786376953,93.31999969482422
2018-09-20,93.80000305175781,94.81999969482422
2018-09-21,95.22000122070312,96.37999725341797
2018-09-24,95.91999816894531,94.33999633789062
2018-09-25,94.66000366210938,94.83999633789062
2018-09-26,94.95999908447266,94.23999786376953
2018-09-27,94.2300033569336,93.7300033569336
2018-09-28,93.44000244140625,93.5199966430664
2018-10-01,94.0999984741211,93.88999938964844
2018-10-02,93.83000183105469,93.43000030517578
2018-10-03,93.88999938964844,93.66999816894531
2018-10-04,93.19000244140625,92.91000366210938
2018-10-05,92.5199966430664,90.98999786376953
2018-10-08,90.4800033569336,90.08000183105469
2018-10-09,89.70999908447266,89.6500015258789
2018-10-10,89.44999694824219,86.9000015258789
2018-10-11,86.62000274658203,85.87000274658203
2018-10-12,87.44999694824219,87.66000366210938
2018-10-15,87.36000061035156,87.41000366210938
2018-10-16,88.4800033569336,90.05999755859375
2018-10-17,90.01000213623047,89.47000122070312
2018-10-18,89.13999938964844,88.41000366210938
2018-10-19,88.52999877929688,88.30000305175781
2018-10-22,88.73999786376953,88.66999816894531
2018-10-23,87.27999877929688,87.55999755859375
2018-10-24,86.86000061035156,73.25
2018-10-25,74.41000366210938,75.94000244140625
2018-10-26,74.27999877929688,73.12000274658203
2018-10-29,74.29000091552734,69.54000091552734
2018-10-30,69.41999816894531,71.05999755859375
2018-10-31,72.33000183105469,72.83000183105469
2018-11-01,73.5,71.58000183105469
2018-11-02,71.5999984741211,70.62999725341797
2018-11-05,70.81999969482422,71.80999755859375
2018-11-06,72.0199966430664,72.20999908447266
2018-11-07,65.8499984741211,63.209999084472656
2018-11-08,63.619998931884766,63.2599983215332
2018-11-09,62.540000915527344,62.0
2018-11-12,61.66999816894531,62.0099983215332
2018-11-13,62.0,62.040000915527344
2018-11-14,62.56999969482422,61.65999984741211
2018-11-15,61.41999816894531,62.27000045776367
2018-11-16,61.91999816894531,62.689998626708984
2018-11-19,62.439998626708984,59.41999816894531
2018-11-20,58.20000076293945,57.790000915527344
2018-11-21,58.25,58.189998626708984
2018-11-23,57.59000015258789,57.970001220703125
2018-11-26,59.54999923706055,59.61000061035156
2018-11-27,59.130001068115234,60.58000183105469
2018-11-28,60.91999816894531,62.36000061035156
2018-11-29,62.119998931884766,62.310001373291016
2018-11-30,62.209999084472656,63.040000915527344
2018-12-03,63.959999084472656,63.5
2018-12-04,62.9900016784668,62.029998779296875
2018-12-06,60.619998931884766,60.52000045776367
2018-12-07,60.540000915527344,58.93000030517578
2018-12-10,58.970001220703125,58.86000061035156
2018-12-11,59.77000045776367,58.34000015258789
2018-12-12,59.0099983215332,58.150001525878906
2018-12-13,58.279998779296875,58.08000183105469
2018-12-14,57.5099983215332,56.7599983215332
2018-12-17,56.40999984741211,55.4900016784668
2018-12-18,55.91999816894531,55.18000030517578
2018-12-19,55.27000045776367,54.06999969482422
2018-12-20,53.7400016784668,52.7400016784668
2018-12-21,52.59000015258789,50.47999954223633
2018-12-24,50.33000183105469,50.029998779296875
2018-12-26,50.400001525878906,52.130001068115234
2018-12-27,51.47999954223633,53.439998626708984
2018-12-28,53.439998626708984,52.95000076293945
2018-12-31,53.11000061035156,53.16999816894531
2019-01-02,52.279998779296875,54.4900016784668
2019-01-03,54.11000061035156,54.709999084472656
2019-01-04,55.56999969482422,57.31999969482422
2019-01-07,54.5,57.36000061035156
2019-01-08,57.959999084472656,59.15999984741211
2019-01-09,59.310001373291016,59.189998626708984
2019-01-10,58.779998779296875,60.630001068115234
2019-01-11,60.18000030517578,61.08000183105469
2019-01-14,60.2599983215332,60.220001220703125
2019-01-15,60.45000076293945,60.709999084472656
2019-01-16,60.790000915527344,61.310001373291016
2019-01-17,61.15999984741211,61.939998626708984
2019-01-18,62.5,62.619998931884766
2019-01-22,62.40999984741211,61.81999969482422
2019-01-23,62.220001220703125,62.02000045776367
2019-01-24,62.22999954223633,62.119998931884766
2019-01-25,62.95000076293945,63.34000015258789
2019-01-28,62.36000061035156,62.91999816894531
2019-01-29,62.9900016784668,62.459999084472656
2019-01-30,62.619998931884766,64.18000030517578
2019-01-31,64.02999877929688,64.12000274658203
2019-02-01,64.37999725341797,65.0999984741211
2019-02-04,64.9000015258789,64.76000213623047
2019-02-05,64.94999694824219,64.70999908447266
2019-02-06,64.75,65.48999786376953
2019-02-07,65.16000366210938,64.61000061035156
2019-02-08,66.0,69.20999908447266
2019-02-11,68.88999938964844,67.23999786376953
2019-02-12,67.55999755859375,67.05000305175781
2019-02-13,67.33000183105469,67.19999694824219
2019-02-14,67.06999969482422,65.29000091552734
2019-02-15,65.95999908447266,65.45999908447266
2019-02-19,65.20999908447266,65.83000183105469
2019-02-20,66.0199966430664,66.44000244140625
2019-02-21,66.5999984741211,66.11000061035156
2019-02-22,66.44000244140625,66.66999816894531
2019-02-25,67.41999816894531,66.93000030517578
2019-02-26,66.86000061035156,67.18000030517578
2019-02-27,67.02999877929688,66.93000030517578
2019-02-28,66.97000122070312,65.86000061035156
2019-03-01,66.47000122070312,67.2699966430664
2019-03-04,67.41000366210938,66.01000213623047
2019-03-05,66.0,65.08999633789062
2019-03-06,65.08999633789062,64.26000213623047
2019-03-07,64.02999877929688,64.37999725341797
2019-03-08,63.619998931884766,64.19000244140625
2019-03-11,64.63999938964844,65.44000244140625
2019-03-12,65.68000030517578,65.11000061035156
2019-03-13,65.25,65.51000213623047
2019-03-14,65.38999938964844,65.31999969482422
2019-03-15,65.30000305175781,65.75
2019-03-18,66.05999755859375,66.0999984741211
2019-03-19,66.5,66.38999938964844
2019-03-20,66.22000122070312,65.47000122070312
2019-03-21,65.26000213623047,66.63999938964844
2019-03-22,65.83999633789062,64.33999633789062
2019-03-25,64.27999877929688,64.41999816894531
2019-03-26,64.87999725341797,64.83000183105469
2019-03-27,64.8499984741211,63.900001525878906
2019-03-28,64.26000213623047,64.30999755859375
2019-03-29,64.7300033569336,64.30999755859375
2019-04-01,64.54000091552734,65.63999938964844
2019-04-02,65.62999725341797,64.19000244140625
2019-04-03,64.66999816894531,65.29000091552734
2019-04-04,65.55999755859375,64.72000122070312
2019-04-05,64.73999786376953,65.44999694824219
2019-04-08,65.26000213623047,64.63999938964844
2019-04-09,64.55999755859375,63.599998474121094
2019-04-10,63.88999938964844,64.4000015258789
2019-04-11,64.86000061035156,64.56999969482422
2019-04-12,64.91999816894531,65.9800033569336
2019-04-15,66.68000030517578,65.75
2019-04-16,65.88999938964844,65.98999786376953
2019-04-17,66.2300033569336,65.19999694824219
2019-04-18,65.13999938964844,64.58000183105469
2019-04-22,64.22000122070312,64.61000061035156
2019-04-23,64.79000091552734,65.86000061035156
2019-04-24,65.91999816894531,64.91999816894531
2019-04-25,64.86000061035156,64.33999633789062
2019-04-26,64.33999633789062,65.0
2019-04-29,65.0,65.5
2019-04-30,65.75,65.73999786376953
2019-05-01,66.0,65.83999633789062
2019-05-02,65.9800033569336,64.51000213623047
2019-05-03,64.30999755859375,63.0099983215332
2019-05-06,61.79999923706055,62.47999954223633
2019-05-07,61.849998474121094,60.869998931884766
2019-05-08,60.5,60.29999923706055
2019-05-09,59.52000045776367,59.439998626708984
2019-05-10,59.04999923706055,59.029998779296875
2019-05-13,57.61000061035156,55.97999954223633
2019-05-14,56.06999969482422,57.0
2019-05-15,56.7599983215332,57.38999938964844
2019-05-16,57.5,57.65999984741211
2019-05-17,56.900001525878906,56.33000183105469
2019-05-20,55.45000076293945,54.65999984741211
2019-05-21,55.16999816894531,55.2400016784668
2019-05-22,54.88999938964844,54.29999923706055
2019-05-23,53.68000030517578,51.97999954223633
2019-05-24,53.11000061035156,53.08000183105469
2019-05-28,53.0,51.40999984741211
2019-05-29,51.130001068115234,49.70000076293945
2019-05-30,49.869998931884766,49.380001068115234
2019-05-31,48.54999923706055,47.540000915527344
2019-06-03,47.470001220703125,46.63999938964844
2019-06-04,47.2400016784668,48.369998931884766
2019-06-05,48.75,47.84000015258789
2019-06-06,48.08000183105469,48.349998474121094
2019-06-07,48.540000915527344,49.18000030517578
2019-06-10,49.54999923706055,50.27000045776367
2019-06-11,50.720001220703125,50.72999954223633
2019-06-12,50.400001525878906,50.18000030517578
2019-06-13,50.630001068115234,51.439998626708984
2019-06-14,51.04999923706055,51.720001220703125
2019-06-17,51.7400016784668,51.900001525878906
2019-06-18,52.40999984741211,53.290000915527344
2019-06-19,53.470001220703125,53.11000061035156
2019-06-20,54.060001373291016,54.40999984741211
2019-06-21,54.150001525878906,54.439998626708984
2019-06-24,54.380001068115234,53.939998626708984
2019-06-25,54.04999923706055,54.0099983215332
2019-06-26,54.220001220703125,53.619998931884766
2019-06-27,53.7400016784668,53.79999923706055
2019-06-28,54.060001373291016,55.150001525878906
2019-07-01,56.0099983215332,55.939998626708984
2019-07-02,55.95000076293945,55.970001220703125
2019-07-03,56.04999923706055,55.70000076293945
2019-07-05,55.45000076293945,56.459999084472656
2019-07-08,55.869998931884766,54.97999954223633
2019-07-09,54.61000061035156,55.54999923706055
2019-07-10,55.779998779296875,55.25
2019-07-11,55.7599983215332,55.47999954223633
2019-07-12,55.709999084472656,56.810001373291016
2019-07-15,56.83000183105469,56.970001220703125
2019-07-16,57.06999969482422,56.880001068115234
2019-07-17,56.93000030517578,56.02000045776367
2019-07-18,55.68000030517578,56.630001068115234
2019-07-19,56.810001373291016,55.93000030517578
2019-07-22,56.369998931884766,56.290000915527344
2019-07-23,56.619998931884766,56.720001220703125
2019-07-24,56.70000076293945,56.5
2019-07-25,56.65999984741211,56.4900016784668
2019-07-26,56.66999816894531,56.63999938964844
2019-07-29,56.63999938964844,56.439998626708984
2019-07-30,55.79999923706055,56.709999084472656
2019-07-31,56.79999923706055,55.77000045776367
2019-08-01,55.54999923706055,55.130001068115234
2019-08-02,54.849998474121094,53.290000915527344
2019-08-05,52.0,50.86000061035156
2019-08-06,51.040000915527344,49.650001525878906
2019-08-07,48.869998931884766,49.88999938964844
2019-08-08,50.130001068115234,51.650001525878906
2019-08-09,38.79999923706055,35.90999984741211
2019-08-12,35.56999969482422,33.91999816894531
2019-08-13,34.04999923706055,34.09000015258789
2019-08-14,33.099998474121094,31.75
2019-08-15,31.920000076293945,30.610000610351562
2019-08-16,31.0,31.790000915527344
2019-08-19,32.63999938964844,33.59000015258789
2019-08-20,33.369998931884766,33.63999938964844
2019-08-21,34.310001373291016,34.5
2019-08-22,34.560001373291016,34.5
2019-08-23,34.08000183105469,33.59000015258789
2019-08-26,33.95000076293945,33.290000915527344
2019-08-27,33.5,31.760000228881836
2019-08-28,31.56999969482422,31.81999969482422
2019-08-29,32.25,32.959999084472656
2019-08-30,33.20000076293945,33.220001220703125
2019-09-03,32.650001525878906,31.540000915527344
2019-09-04,32.130001068115234,32.380001068115234
2019-09-05,32.79999923706055,34.040000915527344
2019-09-06,34.310001373291016,34.130001068115234
2019-09-09,34.40999984741211,34.959999084472656
2019-09-10,34.81999969482422,36.029998779296875
2019-09-11,36.16999816894531,36.4900016784668
2019-09-12,33.79999923706055,32.47999954223633
2019-09-13,33.119998931884766,32.70000076293945
2019-09-16,32.34000015258789,33.25
2019-09-17,32.95000076293945,32.34000015258789
2019-09-18,32.040000915527344,32.029998779296875
2019-09-19,32.25,32.220001220703125
2019-09-20,32.41999816894531,31.81999969482422
2019-09-23,31.549999237060547,32.040000915527344
2019-09-24,32.380001068115234,30.889999389648438
2019-09-25,30.899999618530273,30.940000534057617
2019-09-26,30.1299991607666,29.610000610351562
2019-09-27,29.899999618530273,29.780000686645508
2019-09-30,29.829999923706055,29.5
2019-10-01,29.68000030517578,28.079999923706055
2019-10-02,27.75,27.09000015258789
2019-10-03,27.100000381469727,27.239999771118164
2019-10-04,27.290000915527344,27.270000457763672
2019-10-07,27.190000534057617,26.950000762939453
2019-10-08,26.440000534057617,26.329999923706055
2019-10-09,26.729999542236328,26.389999389648438
2019-10-10,26.559999465942383,26.59000015258789
2019-10-11,27.139999389648438,28.030000686645508
2019-10-14,27.860000610351562,28.100000381469727
2019-10-15,28.190000534057617,29.0
2019-10-16,29.030000686645508,27.8700008392334
2019-10-17,27.979999542236328,27.899999618530273
2019-10-18,27.8799991607666,26.440000534057617
2019-10-21,26.920000076293945,27.510000228881836
2019-10-22,27.5,27.729999542236328
2019-10-23,27.59000015258789,27.979999542236328
2019-10-24,28.09000015258789,27.40999984741211
2019-10-25,27.360000610351562,28.309999465942383
2019-10-28,28.399999618530273,28.09000015258789
2019-10-29,27.920000076293945,27.860000610351562
2019-10-30,27.959999084472656,27.690000534057617
2019-10-31,27.739999771118164,27.670000076293945
2019-11-01,27.75,28.3700008392334
2019-11-04,28.969999313354492,29.559999465942383
2019-11-05,29.790000915527344,29.639999389648438
2019-11-06,29.479999542236328,29.059999465942383
2019-11-07,29.520000457763672,29.540000915527344
2019-11-08,29.420000076293945,30.079999923706055
2019-11-11,29.780000686645508,29.399999618530273
2019-11-12,31.469999313354492,35.25
2019-11-13,34.900001525878906,34.599998474121094
2019-11-14,34.70000076293945,35.83000183105469
2019-11-15,36.2400016784668,37.22999954223633
2019-11-18,37.099998474121094,37.04999923706055
2019-11-19,37.349998474121094,36.97999954223633
2019-11-20,36.45000076293945,35.88999938964844
2019-11-21,35.97999954223633,35.61000061035156
2019-11-22,35.77000045776367,35.84000015258789
2019-11-25,35.869998931884766,36.959999084472656
2019-11-26,36.689998626708984,36.599998474121094
2019-11-27,36.779998779296875,36.939998626708984
2019-11-29,36.790000915527344,37.33000183105469
2019-12-02,37.349998474121094,36.27000045776367
2019-12-03,35.060001373291016,36.900001525878906
2019-12-04,37.08000183105469,36.369998931884766
2019-12-05,36.36000061035156,36.29999923706055
2019-12-06,36.63999938964844,37.36000061035156
2019-12-09,37.36000061035156,36.36000061035156
2019-12-10,36.189998626708984,35.86000061035156
2019-12-11,35.95000076293945,36.06999969482422
2019-12-12,35.959999084472656,37.400001525878906
2019-12-13,37.560001373291016,37.52000045776367
2019-12-16,37.86000061035156,37.02000045776367
2019-12-17,36.93000030517578,36.91999816894531
2019-12-18,37.029998779296875,37.63999938964844
2019-12-19,37.5099983215332,37.7599983215332
2019-12-20,38.150001525878906,37.58000183105469
2019-12-23,37.61000061035156,37.52000045776367
2019-12-24,37.65999984741211,37.40999984741211
2019-12-26,37.4900016784668,37.20000076293945
2019-12-27,37.31999969482422,36.650001525878906
2019-12-30,36.70000076293945,36.58000183105469
2019-12-31,36.380001068115234,37.59000015258789
2020-01-02,38.029998779296875,36.7599983215332
2020-01-03,36.11000061035156,35.22999954223633
2020-01-06,34.810001373291016,35.33000183105469
2020-01-07,35.349998474121094,35.849998474121094
2020-01-08,35.880001068115234,36.459999084472656
2020-01-09,35.56999969482422,36.220001220703125
2020-01-10,36.400001525878906,35.7400016784668
2020-01-13,35.709999084472656,35.54999923706055
2020-01-14,35.4900016784668,35.0099983215332
2020-01-15,34.77000045776367,34.63999938964844
2020-01-16,34.83000183105469,35.34000015258789
2020-01-17,35.43000030517578,35.599998474121094
2020-01-21,35.45000076293945,34.97999954223633
2020-01-22,35.099998474121094,35.33000183105469
2020-01-23,35.439998626708984,35.560001373291016
2020-01-24,35.619998931884766,34.47999954223633
2020-01-27,33.2400016784668,33.540000915527344
2020-01-28,33.84000015258789,33.97999954223633
2020-01-29,34.18000030517578,33.099998474121094
2020-01-30,32.58000183105469,32.47999954223633
2020-01-31,32.290000915527344,31.8799991607666
2020-02-03,31.979999542236328,32.16999816894531
2020-02-04,32.91999816894531,33.060001373291016
2020-02-05,33.63999938964844,34.5
2020-02-06,34.7400016784668,34.630001068115234
2020-02-07,35.5,32.70000076293945
2020-02-10,32.4900016784668,31.600000381469727
2020-02-11,31.760000228881836,31.889999389648438
2020-02-12,32.25,31.799999237060547
2020-02-13,31.420000076293945,30.639999389648438
2020-02-14,30.649999618530273,30.81999969482422
2020-02-18,30.68000030517578,29.780000686645508
2020-02-19,29.809999465942383,29.799999237060547
2020-02-20,29.579999923706055,30.399999618530273
2020-02-21,30.030000686645508,29.25
2020-02-24,27.969999313354492,28.149999618530273
2020-02-25,28.260000228881836,26.18000030517578
2020-02-26,26.530000686645508,25.299999237060547
2020-02-27,24.489999771118164,23.920000076293945
2020-02-28,23.049999237060547,24.110000610351562
2020-03-02,24.3700008392334,23.729999542236328
2020-03-03,23.670000076293945,22.219999313354492
2020-03-04,22.520000457763672,22.329999923706055
2020-03-05,21.290000915527344,19.950000762939453
2020-03-06,18.920000076293945,19.030000686645508
2020-03-09,17.360000610351562,15.640000343322754
2020-03-10,16.81999969482422,16.43000030517578
2020-03-11,17.780000686645508,16.43000030517578
2020-03-12,15.149999618530273,13.430000305175781
2020-03-13,14.789999961853027,15.140000343322754
2020-03-16,12.640000343322754,10.850000381469727
2020-03-17,11.350000381469727,10.0
2020-03-18,9.289999961853027,9.3100004196167
2020-03-19,9.0,12.470000267028809
2020-03-20,12.949999809265137,11.670000076293945
2020-03-23,11.470000267028809,10.84000015258789
2020-03-24,11.6899995803833,14.989999771118164
2020-03-25,15.0,14.5
2020-03-26,15.75,15.3100004196167
2020-03-27,14.229999542236328,14.239999771118164
2020-03-30,14.0,14.4399995803833
2020-03-31,14.5600004196167,13.050000190734863
2020-04-01,12.039999961853027,11.960000038146973
2020-04-02,11.6899995803833,12.489999771118164
2020-04-03,12.430000305175781,11.670000076293945
2020-04-06,12.829999923706055,13.520000457763672
2020-04-07,14.850000381469727,13.90999984741211
2020-04-08,14.300000190734863,15.800000190734863
2020-04-09,16.75,16.09000015258789
2020-04-13,16.100000381469727,15.59000015258789
2020-04-14,15.850000381469727,15.380000114440918
2020-04-15,14.34000015258789,14.359999656677246
2020-04-16,14.510000228881836,13.569999694824219
2020-04-17,14.069999694824219,15.329999923706055
2020-04-20,14.800000190734863,15.069999694824219
2020-04-21,14.449999809265137,14.40999984741211
2020-04-22,14.920000076293945,14.710000038146973
2020-04-23,15.0,15.34000015258789
2020-04-24,15.430000305175781,15.920000076293945
2020-04-27,15.890000343322754,16.8700008392334
2020-04-28,17.75,17.979999542236328
2020-04-29,19.040000915527344,18.81999969482422
2020-04-30,18.200000762939453,18.1299991607666
2020-05-01,17.18000030517578,16.790000915527344
2020-05-04,16.5,16.59000015258789
2020-05-05,17.440000534057617,16.530000686645508
2020-05-06,16.739999771118164,16.209999084472656
2020-05-07,16.739999771118164,17.329999923706055
2020-05-08,17.739999771118164,17.649999618530273
2020-05-11,17.079999923706055,16.700000762939453
2020-05-12,16.829999923706055,15.819999694824219
2020-05-13,15.390000343322754,14.65999984741211
2020-05-14,14.210000038146973,15.149999618530273
2020-05-15,14.800000190734863,15.279999732971191
2020-05-18,16.639999389648438,16.729999542236328
2020-05-19,16.510000228881836,16.15999984741211
2020-05-20,16.510000228881836,16.979999542236328
2020-05-21,16.84000015258789,15.850000381469727
2020-05-22,15.949999809265137,15.479999542236328
2020-05-26,16.59000015258789,16.360000610351562
2020-05-27,17.229999542236328,17.68000030517578
2020-05-28,17.600000381469727,16.56999969482422
2020-05-29,14.949999809265137,14.210000038146973
2020-06-01,14.300000190734863,14.760000228881836
2020-06-02,15.0,16.15999984741211
2020-06-03,16.920000076293945,17.850000381469727
2020-06-04,17.649999618530273,17.600000381469727
2020-06-05,19.209999084472656,18.0
2020-06-08,19.200000762939453,19.559999465942383
2020-06-09,18.90999984741211,18.139999389648438
2020-06-10,18.020000457763672,16.940000534057617
2020-06-11,15.5,14.770000457763672
2020-06-12,15.859999656677246,16.270000457763672
2020-06-15,15.300000190734863,16.389999389648438
2020-06-16,17.34000015258789,16.219999313354492
2020-06-17,16.25,15.8100004196167
2020-06-18,15.5600004196167,15.65999984741211
2020-06-19,16.010000228881836,15.430000305175781
2020-06-22,15.3100004196167,15.489999771118164
2020-06-23,15.75,16.239999771118164
2020-06-24,15.640000343322754,15.039999961853027
2020-06-25,14.9399995803833,15.90999984741211
2020-06-26,15.739999771118164,15.479999542236328
2020-06-29,15.569999694824219,16.079999923706055
2020-06-30,15.989999771118164,16.5
2020-07-01,16.450000762939453,16.139999389648438
2020-07-02,16.68000030517578,16.149999618530273
2020-07-06,16.510000228881836,15.289999961853027
2020-07-07,15.050000190734863,15.279999732971191
2020-07-08,15.319999694824219,15.460000038146973
2020-07-09,15.350000381469727,15.15999984741211
2020-07-10,15.069999694824219,15.489999771118164
2020-07-13,15.670000076293945,15.510000228881836
2020-07-14,15.34000015258789,15.40999984741211
2020-07-15,15.739999771118164,16.420000076293945
2020-07-16,16.100000381469727,16.65999984741211
2020-07-17,16.719999313354492,16.809999465942383
2020-07-20,16.719999313354492,16.899999618530273
2020-07-21,17.18000030517578,17.100000381469727
2020-07-22,16.90999984741211,17.280000686645508
2020-07-23,17.18000030517578,17.530000686645508
2020-07-24,17.510000228881836,17.149999618530273
2020-07-27,17.09000015258789,17.1299991607666
2020-07-28,17.1200008392334,16.940000534057617
2020-07-29,17.0,17.799999237060547
2020-07-30,17.360000610351562,17.760000228881836
2020-07-31,17.6200008392334,17.90999984741211
2020-08-03,17.8799991607666,18.149999618530273
2020-08-04,18.229999542236328,18.239999771118164
2020-08-05,18.5,18.479999542236328
2020-08-06,18.190000534057617,18.690000534057617
2020-08-07,19.0,19.899999618530273
2020-08-10,19.860000610351562,20.260000228881836
2020-08-11,20.719999313354492,20.020000457763672
2020-08-12,20.079999923706055,19.600000381469727
2020-08-13,19.3799991607666,19.639999389648438
2020-08-14,19.469999313354492,20.40999984741211
2020-08-17,20.510000228881836,20.149999618530273
2020-08-18,20.15999984741211,19.3700008392334
2020-08-19,19.34000015258789,19.709999084472656
2020-08-20,19.420000076293945,19.1299991607666
2020-08-21,19.170000076293945,18.68000030517578
2020-08-24,18.760000228881836,18.940000534057617
2020-08-25,19.15999984741211,19.209999084472656
2020-08-26,19.479999542236328,19.459999084472656
2020-08-27,19.510000228881836,19.760000228881836
2020-08-28,19.959999084472656,20.559999465942383
2020-08-31,20.440000534057617,19.979999542236328
2020-09-01,19.75,20.040000915527344
2020-09-02,20.09000015258789,22.3700008392334
2020-09-03,22.600000381469727,21.350000381469727
2020-09-04,21.100000381469727,20.649999618530273
2020-09-08,20.200000762939453,19.959999084472656
2020-09-09,20.229999542236328,20.100000381469727
2020-09-10,20.510000228881836,19.579999923706055
2020-09-11,19.559999465942383,19.549999237060547
2020-09-14,19.81999969482422,20.190000534057617
2020-09-15,20.219999313354492,19.559999465942383
2020-09-16,19.850000381469727,19.40999984741211
2020-09-17,19.0,18.8700008392334
2020-09-18,18.68000030517578,18.459999084472656
2020-09-21,17.93000030517578,17.31999969482422
2020-09-22,17.40999984741211,17.1299991607666
2020-09-23,17.170000076293945,16.280000686645508
2020-09-24,16.0,16.18000030517578
2020-09-25,15.90999984741211,16.31999969482422
2020-09-28,16.81999969482422,17.09000015258789
2020-09-29,16.979999542236328,17.700000762939453
2020-09-30,17.790000915527344,17.850000381469727
2020-10-01,18.079999923706055,18.809999465942383
2020-10-02,18.040000915527344,18.360000610351562
2020-10-05,18.75,18.709999084472656
2020-10-06,18.920000076293945,17.889999389648438
2020-10-07,18.010000228881836,18.440000534057617
2020-10-08,18.770000457763672,19.989999771118164
2020-10-09,20.299999237060547,20.049999237060547
2020-10-12,20.06999969482422,20.18000030517578
2020-10-13,20.040000915527344,20.209999084472656
2020-10-14,20.260000228881836,19.969999313354492
2020-10-15,19.600000381469727,20.18000030517578
2020-10-16,20.290000915527344,20.59000015258789
2020-10-19,20.59000015258789,19.889999389648438
2020-10-20,20.059999465942383,20.010000228881836
2020-10-21,19.989999771118164,19.84000015258789
2020-10-22,19.899999618530273,19.940000534057617
2020-10-23,20.100000381469727,19.84000015258789
2020-10-26,19.360000610351562,18.639999389648438
2020-10-27,18.65999984741211,17.850000381469727
2020-10-28,17.299999237060547,17.639999389648438
2020-10-29,17.5,18.25
2020-10-30,18.100000381469727,18.420000076293945
2020-11-02,18.649999618530273,18.959999084472656
2020-11-03,19.329999923706055,19.530000686645508
2020-11-04,19.670000076293945,19.06999969482422
2020-11-05,19.440000534057617,19.579999923706055
2020-11-06,20.239999771118164,18.110000610351562
2020-11-09,19.09000015258789,19.540000915527344
2020-11-10,19.649999618530273,21.059999465942383
2020-11-11,21.149999618530273,21.020000457763672
2020-11-12,20.690000534057617,20.280000686645508
2020-11-13,20.65999984741211,20.5
2020-11-16,21.40999984741211,21.5
2020-11-17,21.600000381469727,22.049999237060547
2020-11-18,22.049999237060547,22.280000686645508
2020-11-19,22.049999237060547,22.030000686645508
2020-11-20,21.989999771118164,21.459999084472656
2020-11-23,21.729999542236328,22.190000534057617
2020-11-24,22.719999313354492,23.670000076293945
2020-11-25,23.639999389648438,23.559999465942383
2020-11-27,23.559999465942383,23.280000686645508
2020-11-30,23.0,21.90999984741211
2020-12-01,22.31999969482422,22.139999389648438
2020-12-02,21.799999237060547,22.34000015258789
2020-12-03,22.5,23.760000228881836
2020-12-04,23.899999618530273,24.950000762939453
2020-12-07,24.760000228881836,24.190000534057617
2020-12-08,24.18000030517578,24.239999771118164
2020-12-09,24.3700008392334,24.84000015258789
2020-12-10,24.34000015258789,24.850000381469727
2020-12-11,24.739999771118164,23.93000030517578
2020-12-14,24.270000457763672,23.239999771118164
2020-12-15,23.450000762939453,23.43000030517578
2020-12-16,23.43000030517578,23.059999465942383
2020-12-17,23.31999969482422,23.389999389648438
2020-12-18,23.3799991607666,23.100000381469727
2020-12-21,22.479999542236328,23.010000228881836
2020-12-22,23.010000228881836,22.690000534057617
2020-12-23,22.899999618530273,22.889999389648438
2020-12-24,23.079999923706055,22.899999618530273
2020-12-28,23.209999084472656,24.059999465942383
2020-12-29,24.200000762939453,23.65999984741211
2020-12-30,23.729999542236328,24.34000015258789
2020-12-31,24.59000015258789,25.75
2021-01-04,26.950000762939453,25.920000076293945
2021-01-05,26.209999084472656,26.8799991607666
2021-01-06,25.8700008392334,26.450000762939453
2021-01-07,29.010000228881836,28.90999984741211
2021-01-08,29.200000762939453,29.600000381469727
2021-01-11,28.469999313354492,28.389999389648438
2021-01-12,28.200000762939453,28.299999237060547
2021-01-13,28.420000076293945,28.260000228881836
2021-01-14,28.459999084472656,28.969999313354492
2021-01-15,28.639999389648438,28.5
2021-01-19,28.5,28.209999084472656
2021-01-20,28.43000030517578,28.81999969482422
2021-01-21,28.950000762939453,29.299999237060547
2021-01-22,28.760000228881836,29.229999542236328
2021-01-25,29.219999313354492,29.149999618530273
2021-01-26,29.31999969482422,29.350000381469727
2021-01-27,28.6200008392334,28.469999313354492
2021-01-28,28.93000030517578,29.239999771118164
2021-01-29,28.65999984741211,28.200000762939453
2021-02-01,28.5,25.5
2021-02-02,26.440000534057617,25.65999984741211
2021-02-03,25.68000030517578,25.6200008392334
2021-02-04,25.639999389648438,26.440000534057617
2021-02-05,26.440000534057617,25.940000534057617
2021-02-08,26.229999542236328,25.479999542236328
2021-02-09,25.440000534057617,26.420000076293945
2021-02-10,26.510000228881836,25.709999084472656
2021-02-11,25.65999984741211,25.6299991607666
2021-02-12,26.190000534057617,25.790000915527344
2021-02-16,25.649999618530273,25.889999389648438
2021-02-17,25.709999084472656,26.0
2021-02-18,25.809999465942383,25.489999771118164
2021-02-19,25.860000610351562,25.809999465942383
2021-02-22,25.5,25.989999771118164
2021-02-23,25.799999237060547,25.600000381469727
2021-02-24,25.700000762939453,26.020000457763672
2021-02-25,26.040000915527344,24.889999389648438
2021-02-26,24.790000915527344,25.219999313354492
2021-03-01,25.770000457763672,25.959999084472656
2021-03-02,25.75,25.709999084472656
2021-03-03,25.850000381469727,26.219999313354492
2021-03-04,26.290000915527344,25.860000610351562
2021-03-05,26.260000228881836,27.290000915527344
2021-03-08,27.549999237060547,28.020000457763672
2021-03-09,28.3700008392334,28.25
2021-03-10,28.260000228881836,29.0
2021-03-11,28.8799991607666,28.799999237060547
2021-03-12,28.729999542236328,29.020000457763672
2021-03-15,29.0,29.43000030517578
2021-03-16,29.3700008392334,28.290000915527344
2021-03-17,28.0,28.65999984741211
2021-03-18,28.56999969482422,28.15999984741211
2021-03-19,28.020000457763672,28.030000686645508
2021-03-22,28.100000381469727,27.719999313354492
2021-03-23,27.59000015258789,26.459999084472656
2021-03-24,26.729999542236328,26.350000381469727
2021-03-25,26.079999923706055,27.360000610351562
2021-03-26,27.639999389648438,28.389999389648438
2021-03-29,28.360000610351562,28.540000915527344
2021-03-30,29.799999237060547,31.139999389648438
2021-03-31,31.350000381469727,31.260000228881836
2021-04-01,31.389999389648438,30.829999923706055
2021-04-05,30.81999969482422,31.850000381469727
2021-04-06,31.530000686645508,31.25
2021-04-07,31.209999084472656,31.200000762939453
2021-04-08,31.229999542236328,31.459999084472656
2021-04-09,31.399999618530273,31.440000534057617
2021-04-12,31.59000015258789,32.290000915527344
2021-04-13,32.13999938964844,31.149999618530273
2021-04-14,31.100000381469727,31.780000686645508
2021-04-15,32.0099983215332,31.959999084472656
2021-04-16,32.119998931884766,31.649999618530273
2021-04-19,31.510000228881836,31.639999389648438
2021-04-20,31.700000762939453,31.040000915527344
2021-04-21,30.850000381469727,31.729999542236328
2021-04-22,31.760000228881836,31.290000915527344
2021-04-23,31.280000686645508,31.8700008392334
2021-04-26,32.09000015258789,31.649999618530273
2021-04-27,31.610000610351562,31.899999618530273
2021-04-28,32.11000061035156,31.8799991607666
2021-04-29,32.029998779296875,33.43000030517578
2021-04-30,33.06999969482422,32.90999984741211
2021-05-03,33.209999084472656,33.66999816894531
2021-05-04,33.529998779296875,32.70000076293945
2021-05-05,32.959999084472656,33.7400016784668
2021-05-06,33.81999969482422,33.79999923706055
2021-05-07,33.459999084472656,34.5
2021-05-10,34.439998626708984,34.52000045776367
2021-05-11,33.95000076293945,34.029998779296875
2021-05-12,33.810001373291016,33.84000015258789
2021-05-13,33.970001220703125,35.5099983215332
2021-05-14,36.0,36.86000061035156
2021-05-17,36.58000183105469,36.7599983215332
2021-05-18,36.70000076293945,36.7599983215332
2021-05-19,36.11000061035156,36.93000030517578
2021-05-20,36.97999954223633,36.83000183105469
2021-05-21,36.9900016784668,37.279998779296875
2021-05-24,37.52000045776367,37.33000183105469
2021-05-25,37.5,36.939998626708984
2021-05-26,37.0099983215332,36.91999816894531
2021-05-27,36.630001068115234,38.38999938964844
2021-05-28,38.7400016784668,37.91999816894531
2021-06-01,37.86000061035156,38.11000061035156
2021-06-02,38.900001525878906,39.7599983215332
2021-06-03,39.38999938964844,40.36000061035156
2021-06-04,40.400001525878906,39.88999938964844
2021-06-07,40.380001068115234,40.36000061035156
2021-06-08,40.02000045776367,40.33000183105469
2021-06-09,40.290000915527344,40.40999984741211
2021-06-10,41.0099983215332,41.27000045776367
2021-06-11,41.31999969482422,41.41999816894531
2021-06-14,41.41999816894531,41.040000915527344
2021-06-15,41.11000061035156,41.13999938964844
2021-06-16,40.9900016784668,40.970001220703125
2021-06-17,40.93000030517578,37.88999938964844
2021-06-18,37.119998931884766,36.27000045776367
2021-06-21,36.720001220703125,37.630001068115234
2021-06-22,37.45000076293945,37.849998474121094
2021-06-23,37.84000015258789,37.529998779296875
2021-06-24,37.900001525878906,38.25
2021-06-25,38.369998931884766,39.459999084472656
2021-06-28,39.400001525878906,39.040000915527344
2021-06-29,39.22999954223633,39.040000915527344
2021-06-30,38.93000030517578,38.939998626708984
2021-07-01,39.220001220703125,40.38999938964844
2021-07-02,40.5,40.540000915527344
2021-07-06,40.369998931884766,39.209999084472656
2021-07-07,38.970001220703125,38.939998626708984
2021-07-08,38.130001068115234,39.189998626708984
2021-07-09,39.86000061035156,39.72999954223633
2021-07-12,39.400001525878906,40.279998779296875
2021-07-13,39.959999084472656,39.75
2021-07-14,39.93000030517578,39.45000076293945
2021-07-15,39.150001525878906,39.310001373291016
2021-07-16,39.540000915527344,38.290000915527344
2021-07-19,37.18000030517578,37.56999969482422
2021-07-20,37.72999954223633,38.630001068115234
2021-07-21,39.060001373291016,39.06999969482422
2021-07-22,39.16999816894531,38.709999084472656
2021-07-23,39.189998626708984,39.34000015258789
2021-07-26,39.45000076293945,39.81999969482422
2021-07-27,39.27000045776367,39.38999938964844
2021-07-28,39.619998931884766,39.75
2021-07-29,40.0,40.66999816894531
2021-07-30,40.4900016784668,39.97999954223633
2021-08-02,40.0,42.61000061035156
2021-08-03,44.0,43.41999816894531
2021-08-04,43.130001068115234,42.18000030517578
2021-08-05,40.88999938964844,38.720001220703125
2021-08-06,39.130001068115234,41.09000015258789
2021-08-09,40.86000061035156,40.40999984741211
2021-08-10,40.209999084472656,40.470001220703125
2021-08-11,40.97999954223633,41.2400016784668
2021-08-12,41.09000015258789,41.58000183105469
2021-08-13,41.349998474121094,41.22999954223633
2021-08-16,41.20000076293945,41.75
2021-08-17,40.0099983215332,36.810001373291016
2021-08-18,36.7599983215332,36.33000183105469
2021-08-19,36.0,35.310001373291016
2021-08-20,35.459999084472656,35.439998626708984
2021-08-23,35.72999954223633,36.06999969482422
2021-08-24,36.790000915527344,36.709999084472656
2021-08-25,36.709999084472656,37.209999084472656
2021-08-26,37.220001220703125,36.709999084472656
2021-08-27,36.810001373291016,37.349998474121094
2021-08-30,37.5,36.279998779296875
2021-08-31,36.20000076293945,36.720001220703125
2021-09-01,36.880001068115234,34.86000061035156
2021-09-02,34.83000183105469,35.63999938964844
2021-09-03,35.45000076293945,36.02000045776367
2021-09-07,36.349998474121094,35.97999954223633
2021-09-08,35.900001525878906,35.38999938964844
2021-09-09,35.20000076293945,35.4900016784668
2021-09-10,35.7599983215332,34.369998931884766
2021-09-13,35.0099983215332,35.97999954223633
2021-09-14,36.7599983215332,35.380001068115234
2021-09-15,35.400001525878906,35.7400016784668
2021-09-16,35.720001220703125,35.9900016784668
2021-09-17,35.77000045776367,35.959999084472656
2021-09-20,34.79999923706055,34.97999954223633
2021-09-21,35.43000030517578,34.5
2021-09-22,34.47999954223633,34.779998779296875
2021-09-23,35.099998474121094,35.18000030517578
2021-09-24,35.099998474121094,34.93000030517578
2021-09-27,35.029998779296875,35.5099983215332
2021-09-28,35.43000030517578,34.52000045776367
2021-09-29,34.58000183105469,34.290000915527344
2021-09-30,34.36000061035156,33.61000061035156
2021-10-01,34.0,34.72999954223633
2021-10-04,34.75,34.709999084472656
2021-10-05,35.029998779296875,35.099998474121094
2021-10-06,34.5099983215332,34.34000015258789
2021-10-07,34.58000183105469,34.650001525878906
2021-10-08,34.59000015258789,34.349998474121094
2021-10-11,34.34000015258789,33.72999954223633
2021-10-12,33.61000061035156,33.27000045776367
2021-10-13,33.290000915527344,33.400001525878906
2021-10-14,33.88999938964844,34.599998474121094
2021-10-15,34.95000076293945,34.91999816894531
2021-10-18,34.68000030517578,34.68000030517578
2021-10-19,34.79999923706055,34.47999954223633
2021-10-20,34.619998931884766,34.84000015258789
2021-10-21,34.650001525878906,34.970001220703125
2021-10-22,35.099998474121094,34.56999969482422
2021-10-25,34.619998931884766,34.04999923706055
2021-10-26,34.029998779296875,32.779998779296875
2021-10-27,32.75,32.29999923706055
2021-10-28,32.41999816894531,32.630001068115234
2021-10-29,32.54999923706055,32.56999969482422
2021-11-01,32.83000183105469,33.369998931884766
2021-11-02,33.38999938964844,32.97999954223633
2021-11-03,32.7599983215332,32.47999954223633
2021-11-04,32.95000076293945,33.83000183105469
2021-11-05,34.5099983215332,34.33000183105469
2021-11-08,34.439998626708984,33.380001068115234
2021-11-09,33.41999816894531,33.810001373291016
2021-11-10,33.560001373291016,33.58000183105469
2021-11-11,33.779998779296875,33.97999954223633
2021-11-12,33.959999084472656,33.34000015258789
2021-11-15,33.52000045776367,33.04999923706055
2021-11-16,33.029998779296875,32.279998779296875
2021-11-17,32.380001068115234,32.13999938964844
2021-11-18,32.13999938964844,32.130001068115234
2021-11-19,31.670000076293945,31.3700008392334
2021-11-22,31.610000610351562,31.1200008392334
2021-11-23,31.420000076293945,31.43000030517578
2021-11-24,31.06999969482422,31.6299991607666
2021-11-26,30.3700008392334,30.5
2021-11-29,31.020000457763672,31.020000457763672
2021-11-30,30.6299991607666,29.989999771118164
2021-12-01,30.610000610351562,29.579999923706055
2021-12-02,29.719999313354492,30.540000915527344
2021-12-03,30.700000762939453,30.190000534057617
2021-12-06,30.59000015258789,30.760000228881836
2021-12-07,31.18000030517578,31.450000762939453
2021-12-08,31.40999984741211,31.299999237060547
2021-12-09,31.059999465942383,30.579999923706055
2021-12-10,30.850000381469727,30.860000610351562
2021-12-13,30.860000610351562,30.65999984741211
2021-12-14,30.469999313354492,30.799999237060547
2021-12-15,30.6200008392334,30.65999984741211
2021-12-16,30.989999771118164,31.43000030517578
2021-12-17,31.110000610351562,30.6299991607666
2021-12-20,29.799999237060547,29.979999542236328
2021-12-21,30.290000915527344,31.350000381469727
2021-12-22,31.420000076293945,31.959999084472656
2021-12-23,31.989999771118164,32.56999969482422
2021-12-27,32.720001220703125,32.790000915527344
2021-12-28,32.72999954223633,32.75
2021-12-29,32.560001373291016,32.43000030517578
2021-12-30,32.47999954223633,32.38999938964844
2021-12-31,32.27000045776367,32.189998626708984
2022-01-03,32.400001525878906,33.22999954223633
2022-01-04,33.619998931884766,34.11000061035156
2022-01-05,34.290000915527344,33.470001220703125
2022-01-06,33.61000061035156,33.72999954223633
2022-01-07,33.630001068115234,33.34000015258789
2022-01-10,32.83000183105469,32.900001525878906
2022-01-11,32.97999954223633,33.06999969482422
2022-01-12,33.369998931884766,33.47999954223633
2022-01-13,33.83000183105469,34.09000015258789
2022-01-14,33.61000061035156,33.9900016784668
2022-01-18,33.66999816894531,32.56999969482422
2022-01-19,32.560001373291016,32.0099983215332
2022-01-20,32.0099983215332,32.029998779296875
2022-01-21,31.889999389648438,30.540000915527344
2022-01-24,29.610000610351562,30.31999969482422
2022-01-25,29.68000030517578,29.440000534057617
2022-01-26,29.950000762939453,29.31999969482422
2022-01-27,29.799999237060547,28.989999771118164
2022-01-28,28.790000915527344,29.65999984741211
2022-01-31,29.399999618530273,30.079999923706055
2022-02-01,30.010000228881836,30.790000915527344
2022-02-02,30.780000686645508,30.690000534057617
2022-02-03,32.349998474121094,34.90999984741211
2022-02-04,34.77000045776367,36.029998779296875
2022-02-07,36.33000183105469,37.33000183105469
2022-02-08,37.65999984741211,38.81999969482422
2022-02-09,39.130001068115234,38.630001068115234
2022-02-10,38.380001068115234,37.810001373291016
2022-02-11,37.84000015258789,36.84000015258789
2022-02-14,36.880001068115234,36.68000030517578
2022-02-15,37.16999816894531,37.36000061035156
2022-02-16,36.939998626708984,37.349998474121094
2022-02-17,36.95000076293945,35.790000915527344
2022-02-18,35.72999954223633,35.619998931884766
2022-02-22,35.5,35.13999938964844
2022-02-23,35.400001525878906,34.439998626708984
2022-02-24,33.25,35.060001373291016
2022-02-25,35.150001525878906,35.529998779296875
2022-02-28,34.54999923706055,34.029998779296875
2022-03-01,33.790000915527344,30.09000015258789
2022-03-02,29.899999618530273,31.610000610351562
2022-03-03,31.780000686645508,31.34000015258789
2022-03-04,30.719999313354492,30.0
2022-03-07,29.860000610351562,28.950000762939453
2022-03-08,29.229999542236328,30.860000610351562
2022-03-09,30.690000534057617,29.979999542236328
2022-03-10,29.610000610351562,30.110000610351562
2022-03-11,30.510000228881836,30.559999465942383
2022-03-14,30.8700008392334,30.5
2022-03-15,30.68000030517578,31.1200008392334
2022-03-16,31.6200008392334,32.7599983215332
2022-03-17,32.31999969482422,32.61000061035156
2022-03-18,32.5,33.20000076293945
2022-03-21,33.290000915527344,32.9900016784668
2022-03-22,33.060001373291016,33.459999084472656
2022-03-23,33.13999938964844,32.27000045776367
2022-03-24,32.5099983215332,32.77000045776367
2022-03-25,32.959999084472656,33.540000915527344
2022-03-28,33.33000183105469,32.93000030517578
2022-03-29,33.150001525878906,33.93000030517578
2022-03-30,33.779998779296875,33.099998474121094
2022-03-31,32.83000183105469,32.630001068115234
2022-04-01,32.619998931884766,31.350000381469727
2022-04-04,31.270000457763672,31.860000610351562
2022-04-05,31.850000381469727,30.770000457763672
2022-04-06,30.399999618530273,30.399999618530273
2022-04-07,30.360000610351562,30.40999984741211
2022-04-08,30.40999984741211,30.709999084472656
2022-04-11,30.520000457763672,30.8799991607666
2022-04-12,31.040000915527344,30.700000762939453
2022-04-13,30.540000915527344,31.010000228881836
2022-04-14,31.200000762939453,31.25
2022-04-18,31.1299991607666,31.190000534057617
2022-04-19,31.25,31.40999984741211
2022-04-20,31.649999618530273,31.889999389648438
2022-04-21,31.809999465942383,30.709999084472656
2022-04-22,30.59000015258789,29.43000030517578
2022-04-25,29.059999465942383,30.139999389648438
2022-04-26,29.719999313354492,29.15999984741211
2022-04-27,29.139999389648438,28.850000381469727
2022-04-28,29.299999237060547,29.579999923706055
2022-04-29,29.510000228881836,28.700000762939453
2022-05-02,28.68000030517578,29.3700008392334
2022-05-03,29.5,29.889999389648438
2022-05-04,30.06999969482422,30.889999389648438
2022-05-05,30.309999465942383,29.729999542236328
2022-05-06,29.649999618530273,29.420000076293945
2022-05-09,28.850000381469727,28.190000534057617
2022-05-10,28.459999084472656,28.290000915527344
2022-05-11,28.34000015258789,27.549999237060547
2022-05-12,27.56999969482422,28.1200008392334
2022-05-13,28.520000457763672,29.670000076293945
2022-05-16,29.450000762939453,29.6299991607666
2022-05-17,30.280000686645508,30.690000534057617
2022-05-18,30.200000762939453,29.139999389648438
2022-05-19,28.729999542236328,29.639999389648438
2022-05-20,30.030000686645508,29.600000381469727
2022-05-23,30.170000076293945,30.059999465942383
2022-05-24,29.790000915527344,29.440000534057617
2022-05-25,29.290000915527344,29.450000762939453
2022-05-26,29.649999618530273,34.15999984741211
2022-05-27,34.209999084472656,35.08000183105469
2022-05-31,34.65999984741211,35.220001220703125
2022-06-01,35.43000030517578,34.56999969482422
2022-06-02,34.52000045776367,35.130001068115234
2022-06-03,34.81999969482422,35.25
2022-06-06,35.810001373291016,35.400001525878906
2022-06-07,35.02000045776367,35.689998626708984
2022-06-08,35.54999923706055,35.2400016784668
2022-06-09,35.09000015258789,34.4900016784668
2022-06-10,33.779998779296875,32.7400016784668
2022-06-13,31.84000015258789,30.149999618530273
2022-06-14,30.309999465942383,31.1200008392334
2022-06-15,31.489999771118164,32.34000015258789
2022-06-16,31.459999084472656,29.75
2022-06-17,30.049999237060547,30.190000534057617
2022-06-21,30.739999771118164,30.68000030517578
2022-06-22,30.020000457763672,30.540000915527344
2022-06-23,30.530000686645508,30.290000915527344
2022-06-24,30.6200008392334,32.150001525878906
2022-06-27,32.25,32.31999969482422
2022-06-28,32.72999954223633,31.309999465942383
2022-06-29,31.200000762939453,30.530000686645508
2022-06-30,29.90999984741211,30.309999465942383
2022-07-01,30.170000076293945,29.940000534057617
2022-07-05,29.219999313354492,29.889999389648438
2022-07-06,29.829999923706055,29.31999969482422
2022-07-07,29.790000915527344,29.8700008392334
2022-07-08,30.0,29.8700008392334
2022-07-11,29.420000076293945,29.260000228881836
2022-07-12,28.850000381469727,28.65999984741211
2022-07-13,28.100000381469727,28.549999237060547
2022-07-14,27.8700008392334,27.950000762939453
2022-07-15,28.510000228881836,28.739999771118164
2022-07-18,29.170000076293945,29.010000228881836
2022-07-19,29.510000228881836,30.790000915527344
2022-07-20,30.299999237060547,30.799999237060547
2022-07-21,30.559999465942383,31.270000457763672
2022-07-22,31.530000686645508,31.0
2022-07-25,31.290000915527344,31.15999984741211
2022-07-26,30.889999389648438,30.489999771118164
2022-07-27,30.700000762939453,31.690000534057617
2022-07-28,31.700000762939453,31.649999618530273
2022-07-29,31.6299991607666,31.600000381469727
2022-08-01,31.229999542236328,31.649999618530273
2022-08-02,31.3799991607666,31.1200008392334
2022-08-03,31.399999618530273,31.520000457763672
2022-08-04,29.059999465942383,26.149999618530273
2022-08-05,26.020000457763672,25.540000915527344
2022-08-08,25.600000381469727,26.219999313354492
2022-08-09,26.149999618530273,25.760000228881836
2022-08-10,26.270000457763672,26.329999923706055
2022-08-11,26.670000076293945,26.309999465942383
2022-08-12,26.31999969482422,26.639999389648438
2022-08-15,26.239999771118164,26.700000762939453
2022-08-16,26.770000457763672,26.68000030517578
2022-08-17,26.309999465942383,25.920000076293945
2022-08-18,25.90999984741211,26.229999542236328
2022-08-19,26.0,25.93000030517578
2022-08-22,25.40999984741211,24.690000534057617
2022-08-23,24.829999923706055,25.110000610351562
2022-08-24,25.100000381469727,25.030000686645508
2022-08-25,25.229999542236328,25.56999969482422
2022-08-26,25.700000762939453,24.329999923706055
2022-08-29,24.110000610351562,24.389999389648438
2022-08-30,24.549999237060547,24.510000228881836
2022-08-31,24.600000381469727,24.780000686645508
2022-09-01,24.510000228881836,26.700000762939453
2022-09-02,27.079999923706055,27.479999542236328
2022-09-06,27.520000457763672,26.399999618530273
2022-09-07,26.31999969482422,26.65999984741211
2022-09-08,26.389999389648438,26.600000381469727
2022-09-09,26.920000076293945,26.760000228881836
2022-09-12,26.940000534057617,28.360000610351562
2022-09-13,27.360000610351562,27.25
2022-09-14,27.309999465942383,27.6299991607666
2022-09-15,27.6299991607666,27.469999313354492
2022-09-16,27.0,27.040000915527344
2022-09-19,26.520000457763672,27.75
2022-09-20,27.780000686645508,27.049999237060547
2022-09-21,27.190000534057617,27.540000915527344
2022-09-22,27.610000610351562,26.299999237060547
2022-09-23,25.600000381469727,23.850000381469727
2022-09-26,23.690000534057617,23.56999969482422
2022-09-27,23.950000762939453,23.34000015258789
2022-09-28,23.360000610351562,24.079999923706055
2022-09-29,23.450000762939453,24.670000076293945
2022-09-30,24.6200008392334,24.479999542236328
2022-10-03,24.969999313354492,26.049999237060547
2022-10-04,26.899999618530273,27.399999618530273
2022-10-05,27.100000381469727,27.309999465942383
2022-10-06,27.219999313354492,26.889999389648438
2022-10-07,26.510000228881836,26.559999465942383
2022-10-10,26.65999984741211,26.780000686645508
2022-10-11,26.6299991607666,26.8799991607666
2022-10-12,27.079999923706055,26.700000762939453
2022-10-13,26.18000030517578,27.459999084472656
2022-10-14,27.559999465942383,27.1299991607666
2022-10-17,27.709999084472656,27.110000610351562
2022-10-18,27.799999237060547,28.040000915527344
2022-10-19,27.889999389648438,28.139999389648438
2022-10-20,28.290000915527344,28.350000381469727
2022-10-21,28.18000030517578,28.969999313354492
2022-10-24,28.959999084472656,28.780000686645508
2022-10-25,28.8799991607666,28.979999542236328
2022-10-26,29.200000762939453,29.049999237060547
2022-10-27,29.219999313354492,28.709999084472656
2022-10-28,28.809999465942383,29.889999389648438
2022-10-31,29.739999771118164,28.75
2022-11-01,29.209999084472656,28.81999969482422
2022-11-02,28.760000228881836,28.15999984741211
2022-11-03,27.65999984741211,25.709999084472656
2022-11-04,27.049999237060547,27.649999618530273
2022-11-07,27.780000686645508,29.0
2022-11-08,29.0,28.440000534057617
2022-11-09,28.059999465942383,27.989999771118164
2022-11-10,29.239999771118164,29.010000228881836
2022-11-11,29.270000457763672,29.459999084472656
2022-11-14,29.200000762939453,29.06999969482422
2022-11-15,29.479999542236328,28.610000610351562
2022-11-16,28.40999984741211,28.450000762939453
2022-11-17,27.850000381469727,28.360000610351562
2022-11-18,28.719999313354492,28.510000228881836
2022-11-21,28.31999969482422,28.68000030517578
2022-11-22,29.010000228881836,29.540000915527344
2022-11-23,29.489999771118164,29.610000610351562
2022-11-25,29.739999771118164,29.68000030517578
2022-11-28,29.399999618530273,28.950000762939453
2022-11-29,29.059999465942383,29.110000610351562
2022-11-30,28.989999771118164,29.670000076293945
2022-12-01,29.799999237060547,29.440000534057617
2022-12-02,29.020000457763672,28.860000610351562
2022-12-05,28.530000686645508,27.3700008392334
2022-12-06,27.15999984741211,27.809999465942383
2022-12-07,27.649999618530273,26.6200008392334
2022-12-08,26.84000015258789,26.729999542236328
2022-12-09,26.440000534057617,26.31999969482422
2022-12-12,26.209999084472656,27.299999237060547
2022-12-13,28.149999618530273,27.25
2022-12-14,27.200000762939453,27.290000915527344
2022-12-15,27.1299991607666,27.0
2022-12-16,26.75,26.299999237060547
2022-12-19,26.299999237060547,25.969999313354492
2022-12-20,25.889999389648438,26.15999984741211
2022-12-21,26.420000076293945,26.790000915527344
2022-12-22,26.5,26.219999313354492
2022-12-23,26.229999542236328,26.530000686645508
2022-12-27,26.520000457763672,26.690000534057617
2022-12-28,26.610000610351562,25.979999542236328
2022-12-29,26.1200008392334,26.739999771118164
2022-12-30,26.450000762939453,26.5
2023-01-03,26.719999313354492,27.670000076293945
2023-01-04,28.049999237060547,28.18000030517578
2023-01-05,27.8799991607666,27.65999984741211
2023-01-06,27.8799991607666,28.170000076293945
2023-01-09,28.3700008392334,28.270000457763672
2023-01-10,28.219999313354492,28.479999542236328
2023-01-11,28.459999084472656,28.299999237060547
2023-01-12,28.479999542236328,28.81999969482422
2023-01-13,28.579999923706055,28.809999465942383
2023-01-17,28.81999969482422,29.100000381469727
2023-01-18,29.170000076293945,28.959999084472656
2023-01-19,28.139999389648438,28.170000076293945
2023-01-20,28.3799991607666,28.399999618530273
2023-01-23,28.510000228881836,29.139999389648438
2023-01-24,28.760000228881836,28.010000228881836
2023-01-25,27.690000534057617,27.8799991607666
2023-01-26,28.139999389648438,28.559999465942383
2023-01-27,28.3700008392334,28.270000457763672
2023-01-30,27.889999389648438,28.110000610351562
2023-01-31,28.09000015258789,28.729999542236328
2023-02-01,28.729999542236328,28.84000015258789
2023-02-02,29.239999771118164,29.59000015258789
2023-02-03,29.030000686645508,28.889999389648438
2023-02-06,28.469999313354492,27.43000030517578
2023-02-07,27.270000457763672,28.149999618530273
2023-02-08,27.969999313354492,28.229999542236328
2023-02-09,28.729999542236328,29.149999618530273
2023-02-10,28.989999771118164,28.899999618530273
2023-02-13,28.829999923706055,29.639999389648438
2023-02-14,29.420000076293945,29.1200008392334
2023-02-15,28.809999465942383,29.360000610351562
2023-02-16,28.950000762939453,28.84000015258789
2023-02-17,28.739999771118164,28.760000228881836
2023-02-21,28.3799991607666,28.209999084472656
2023-02-22,28.15999984741211,28.059999465942383
2023-02-23,28.110000610351562,28.34000015258789
2023-02-24,27.8799991607666,27.729999542236328
2023-02-27,28.059999465942383,28.020000457763672
2023-02-28,28.059999465942383,27.739999771118164
2023-03-01,27.700000762939453,27.809999465942383
2023-03-02,27.59000015258789,28.270000457763672
2023-03-03,28.440000534057617,28.889999389648438
2023-03-06,28.959999084472656,28.479999542236328
2023-03-07,27.770000457763672,26.469999313354492
2023-03-08,26.450000762939453,27.40999984741211
2023-03-09,27.43000030517578,26.389999389648438
2023-03-10,26.049999237060547,25.510000228881836
2023-03-13,25.100000381469727,24.350000381469727
2023-03-14,24.959999084472656,24.579999923706055
2023-03-15,23.729999542236328,23.329999923706055
2023-03-16,22.829999923706055,23.469999313354492
2023-03-17,23.280000686645508,22.920000076293945
2023-03-20,23.010000228881836,23.15999984741211
2023-03-21,23.540000915527344,24.030000686645508
2023-03-22,24.030000686645508,23.6299991607666
2023-03-23,23.68000030517578,23.25
2023-03-24,22.850000381469727,23.360000610351562
2023-03-27,23.850000381469727,24.079999923706055
2023-03-28,24.0,24.360000610351562
2023-03-29,24.739999771118164,24.829999923706055
2023-03-30,25.049999237060547,25.059999465942383
2023-03-31,25.209999084472656,25.559999465942383
2023-04-03,25.6299991607666,25.329999923706055
2023-04-04,25.43000030517578,24.8799991607666
2023-04-05,24.65999984741211,24.90999984741211
2023-04-06,24.93000030517578,24.739999771118164
2023-04-10,24.549999237060547,25.06999969482422
2023-04-11,25.190000534057617,25.110000610351562
2023-04-12,25.350000381469727,25.030000686645508
2023-04-13,25.0,25.510000228881836
2023-04-14,25.639999389648438,25.540000915527344
2023-04-17,25.469999313354492,25.65999984741211
2023-04-18,25.719999313354492,25.34000015258789
2023-04-19,25.139999389648438,24.920000076293945
2023-04-20,24.6200008392334,24.56999969482422
2023-04-21,24.540000915527344,24.1299991607666
2023-04-24,24.139999389648438,24.15999984741211
2023-04-25,23.799999237060547,23.290000915527344
2023-04-26,23.25,22.860000610351562
2023-04-27,23.010000228881836,23.350000381469727
2023-04-28,23.190000534057617,23.850000381469727
2023-05-01,23.850000381469727,23.8700008392334
2023-05-02,23.809999465942383,23.549999237060547
2023-05-03,23.510000228881836,23.579999923706055
2023-05-04,23.350000381469727,22.239999771118164
2023-05-05,22.600000381469727,22.690000534057617
2023-05-08,22.959999084472656,22.510000228881836
2023-05-09,22.280000686645508,22.68000030517578
2023-05-10,23.079999923706055,22.719999313354492
2023-05-11,22.579999923706055,22.84000015258789
2023-05-12,22.979999542236328,22.8700008392334
2023-05-15,23.06999969482422,23.329999923706055
2023-05-16,23.219999313354492,22.93000030517578
2023-05-17,23.100000381469727,23.760000228881836
2023-05-18,23.850000381469727,23.84000015258789
2023-05-19,23.5,24.440000534057617
2023-05-22,24.6200008392334,24.739999771118164
2023-05-23,24.540000915527344,24.600000381469727
2023-05-24,24.350000381469727,24.18000030517578
2023-05-25,24.049999237060547,24.209999084472656
2023-05-26,24.239999771118164,24.75
2023-05-30,24.850000381469727,25.260000228881836
2023-05-31,25.010000228881836,25.030000686645508
2023-06-01,24.979999542236328,24.790000915527344
2023-06-02,25.149999618530273,25.700000762939453
2023-06-05,25.350000381469727,25.079999923706055
2023-06-06,24.8799991607666,25.670000076293945
2023-06-07,25.829999923706055,26.709999084472656
2023-06-08,26.780000686645508,26.31999969482422
2023-06-09,26.420000076293945,26.1200008392334
2023-06-12,26.1299991607666,26.6200008392334
2023-06-13,26.84000015258789,27.15999984741211
2023-06-14,27.3700008392334,26.950000762939453
2023-06-15,26.770000457763672,27.700000762939453
2023-06-16,27.84000015258789,27.440000534057617
2023-06-20,27.219999313354492,27.350000381469727
2023-06-21,27.15999984741211,27.100000381469727
2023-06-22,26.959999084472656,26.809999465942383
2023-06-23,26.280000686645508,25.850000381469727
2023-06-26,25.850000381469727,26.09000015258789
2023-06-27,26.040000915527344,26.15999984741211
2023-06-28,26.18000030517578,26.059999465942383
2023-06-29,26.100000381469727,26.229999542236328
2023-06-30,26.520000457763672,26.719999313354492
2023-07-03,26.600000381469727,27.100000381469727
2023-07-05,26.899999618530273,26.5
2023-07-06,26.209999084472656,26.25
2023-07-07,26.329999923706055,27.219999313354492
2023-07-10,27.110000610351562,27.579999923706055
2023-07-11,27.780000686645508,27.56999969482422
2023-07-12,27.950000762939453,27.81999969482422
2023-07-13,28.0,28.299999237060547
2023-07-14,28.270000457763672,27.729999542236328
2023-07-17,27.59000015258789,27.959999084472656
2023-07-18,27.920000076293945,28.299999237060547
2023-07-19,28.440000534057617,28.190000534057617
2023-07-20,28.1299991607666,27.969999313354492
2023-07-21,28.1200008392334,27.90999984741211
2023-07-24,27.899999618530273,27.729999542236328
2023-07-25,27.8700008392334,28.489999771118164
2023-07-26,28.459999084472656,28.3799991607666
2023-07-27,28.739999771118164,28.010000228881836
2023-07-28,28.489999771118164,27.700000762939453
2023-07-31,27.6299991607666,27.649999618530273
2023-08-01,27.40999984741211,27.649999618530273
2023-08-02,27.3799991607666,27.06999969482422
2023-08-03,20.700000762939453,19.100000381469727
2023-08-04,19.149999618530273,19.31999969482422
2023-08-07,19.290000915527344,19.350000381469727
2023-08-08,19.0,20.040000915527344
2023-08-09,20.049999237060547,20.079999923706055
2023-08-10,20.399999618530273,20.260000228881836
2023-08-11,20.079999923706055,20.420000076293945
2023-08-14,20.229999542236328,20.530000686645508
2023-08-15,20.34000015258789,20.34000015258789
2023-08-16,20.280000686645508,20.43000030517578
2023-08-17,20.540000915527344,20.329999923706055
2023-08-18,20.139999389648438,20.25
2023-08-21,20.209999084472656,20.360000610351562
2023-08-22,20.5,20.3700008392334
2023-08-23,20.420000076293945,20.899999618530273
2023-08-24,20.899999618530273,20.639999389648438
2023-08-25,20.739999771118164,20.5
2023-08-28,20.579999923706055,20.59000015258789
2023-08-29,20.649999618530273,20.780000686645508
2023-08-30,20.700000762939453,20.520000457763672
2023-08-31,20.639999389648438,20.739999771118164
2023-09-01,20.940000534057617,21.110000610351562
2023-09-05,20.899999618530273,21.170000076293945
2023-09-06,20.969999313354492,21.020000457763672
2023-09-07,20.770000457763672,20.399999618530273
